201,'Fête-2-01',746,,1121,340,,,0,157,,1119,340,,,0,205,,1124,210,,,0,207,,1122,340,,,0,239,,1125,210,,,0,249,,1123,340,,,0,122,,1120,340,,,0
201,'Semaine-01',746,,132,340,,,0,157,,130,340,,,0,205,,135,210,,,0,207,,133,340,,,0,239,,136,210,,,0,249,,134,340,,,0,122,,131,340,,,0
1401,'Fête-1-01',615,,1336,240,,,0,207,,1337,240,,,0,200,,1338,240,,,0,198,,1339,240,,,0,200,,1340,240,,,0,196,,1341,240,,,0,200,,1342,240,,,0,206,,1343,240,,,0,200,,1344,240,,,0
1401,'Fête-2-01',614,,1345,240,,,0,87,,1352,240,,,0,104,,1353,240,,,0,106,,1354,240,,,0,100,,1355,240,,,0,99,,1356,240,,,0,99,,1357,240,,,0,100,,1358,240,,,0,100,,1359,240,,,0,101,,1346,240,,,0,100,,1347,240,,,0,103,,1348,240,,,0,104,,1349,240,,,0,195,,1350,240,,,0,203,,1351,240,,,0
1401,'Semaine-01',614,,577,240,,,0,87,,584,240,,,0,38,,1361,240,,,0,66,,585,240,,,0,106,,586,240,,,0,100,,587,240,,,0,99,,588,240,,,0,99,,589,240,,,0,100,,590,240,,,0,100,,591,240,,,0,101,,578,240,,,0,100,,579,240,,,0,30,,1360,240,,,0,73,,580,240,,,0,104,,581,240,,,0,195,,582,240,,,0,203,,583,240,,,0
1401,'Week-end-01',615,,592,240,,,0,207,,593,240,,,0,200,,594,240,,,0,198,,595,240,,,0,200,,596,240,,,0,196,,597,240,,,0,200,,598,240,,,0,206,,599,240,,,0,200,,600,240,,,0
10001,'Fête-2-01',454,,1423,340,,,0,151,,1426,340,,,0,37,,1424,340,,,0,71,,1425,340,,,0
10001,'Semaine-01',454,,732,340,,,0,151,,735,340,,,0,37,,733,340,,,0,71,,734,340,,,0
40001,'Fête-2-01',1646,,1590,70,,,0,65,,1562,70,,,0,108,,1563,70,,,0
40001,'Semaine-01',1646,,1039,70,,,0,65,,1011,70,,,0,108,,1012,70,,,0
