901,'Fête-1-01',855,,1219,510,,,0,200,,1220,510,,,0,198,,1221,510,,,0,200,,1222,510,,,0,199,,1223,510,,,0,200,,1224,510,,,0,201,,1225,510,,,0,199,,1226,510,,,0,198,,1227,510,,,0
901,'Fête-2-01',610,,1229,520,,,0,34,,1228,520,,,0,104,,1230,520,,,0,93,,1241,520,,,0,102,,1232,520,,,0,100,,1233,520,,,0,100,,1242,520,,,0,100,,1234,520,,,0,108,,1243,520,,,0,100,,1235,520,,,0,100,,1236,520,,,0,101,,1231,520,,,0,148,,1244,520,,,0,21,,1245,520,,,0,28,,1246,520,,,0,96,,1237,520,,,0,100,,1238,520,,,0,100,,1247,520,,,0,98,,1248,520,,,0,100,,1239,520,,,0,99,,1240,520,,,0
901,'Semaine-01',610,,352,520,,,0,34,,351,520,,,0,104,,353,520,,,0,93,,364,520,,,0,102,,355,520,,,0,100,,356,520,,,0,100,,365,520,,,0,100,,357,520,,,0,108,,366,520,,,0,100,,358,520,,,0,100,,359,520,,,0,101,,354,520,,,0,148,,367,520,,,0,21,,368,520,,,0,28,,369,520,,,0,96,,360,520,,,0,100,,361,520,,,0,100,,370,520,,,0,98,,371,520,,,0,100,,362,520,,,0,99,,363,520,,,0
901,'Week-end-01',855,,372,510,,,0,200,,373,510,,,0,198,,374,510,,,0,200,,375,510,,,0,199,,376,510,,,0,200,,377,510,,,0,201,,378,510,,,0,199,,379,510,,,0,198,,380,510,,,0
1401,'Fête-1-01',647,,1336,690,,,0,207,,1337,690,,,0,200,,1338,690,,,0,198,,1339,690,,,0,200,,1340,690,,,0,200,,1341,690,,,0,200,,1342,690,,,0,202,,1343,690,,,0,200,,1344,690,,,0
1401,'Fête-2-01',646,,1345,690,,,0,89,,1352,690,,,0,105,,1353,690,,,0,105,,1354,690,,,0,100,,1355,690,,,0,100,,1356,690,,,0,99,,1357,690,,,0,100,,1358,690,,,0,100,,1359,690,,,0,102,,1346,690,,,0,102,,1347,690,,,0,103,,1348,690,,,0,99,,1349,690,,,0,195,,1350,690,,,0,203,,1351,690,,,0
1401,'Semaine-01',646,,577,690,,,0,89,,584,690,,,0,105,,585,690,,,0,105,,586,690,,,0,100,,587,690,,,0,100,,588,690,,,0,99,,589,690,,,0,100,,590,690,,,0,100,,591,690,,,0,102,,578,690,,,0,102,,579,690,,,0,56,,1360,600,,,0,47,,580,690,,,0,99,,581,690,,,0,195,,582,690,,,0,203,,583,690,,,0
1401,'Week-end-01',647,,592,690,,,0,207,,593,690,,,0,200,,594,690,,,0,198,,595,690,,,0,200,,596,690,,,0,200,,597,690,,,0,200,,598,690,,,0,202,,599,690,,,0,200,,600,690,,,0
10001,'Fête-2-01',513,,1423,700,,,0,112,,1426,700,,,0,77,,1424,700,,,0,31,,1425,700,,,0
10001,'Semaine-01',513,,732,700,,,0,112,,735,700,,,0,20,,1427,290,,,0,57,,733,700,,,0,31,,734,700,,,0,17,,731,290,,,0
