200,'Fête-2-01',1032,,1117,150,0,8,0,174,,1111,150,,,0,310,,1118,150,0,8,0,132,,1112,150,,,0,176,,1113,150,,,0
200,'Semaine-01',1032,,119,150,0,8,0,174,,113,150,,,0,310,,120,150,0,8,0,132,,114,150,,,0,176,,115,150,,,0
1100,'Fête-1-01',955,,1249,550,,,0,200,,1250,550,,,0,200,,1251,550,,,0,200,,1252,550,,,0,200,,1253,550,,,0,200,,1254,550,,,0,200,,1255,550,,,0,198,,1256,550,,,0
1100,'Fête-2-01',644,,1275,550,,,0,102,,1258,550,,,0,104,,1266,550,,,0,78,,1267,550,,,0,97,,1268,550,,,0,112,,1269,550,,,0,100,,1270,550,,,0,88,,1271,550,,,0,100,,1272,550,,,0,100,,1273,550,,,0,100,,1259,550,,,0,114,,1260,550,,,0,95,,1274,550,,,0,97,,1257,550,,,0,100,,1261,550,,,0,92,,1262,550,,,0,100,,1263,550,,,0,100,,1264,550,,,0,98,,1265,550,,,0
1100,'Semaine-01',644,,430,550,,,0,102,,411,550,,,0,104,,420,550,,,0,78,,421,550,,,0,97,,422,550,,,0,112,,423,550,,,0,100,,424,550,,,0,88,,425,550,,,0,100,,426,550,,,0,100,,427,550,,,0,100,,412,550,,,0,75,,1276,550,,,0,39,,413,550,,,0,65,,1278,550,,,0,30,,428,550,,,0,18,,1279,550,,,0,79,,408,550,,,0,100,,415,550,,,0,92,,416,550,,,0,100,,417,550,,,0,100,,418,550,,,0,98,,419,550,,,0
1100,'Week-end-01',955,,431,550,,,0,200,,432,550,,,0,200,,433,550,,,0,200,,434,550,,,0,200,,435,550,,,0,200,,436,550,,,0,200,,437,550,,,0,198,,438,550,,,0
1400,'Fête-1-01',743,,1309,570,,,0,207,,1310,570,,,0,200,,1311,570,,,0,200,,1312,570,,,0,200,,1313,570,,,0,200,,1314,570,,,0,200,,1315,570,,,0,200,,1316,570,,,0,198,,1317,570,,,0,187,,1318,480,,,0
1400,'Fête-2-01',701,,1335,570,,,0,33,,1319,570,,,0,94,,1326,570,,,0,104,,1327,570,,,0,103,,1328,570,,,0,111,,1329,570,,,0,100,,1330,570,,,0,101,,1331,570,,,0,100,,1332,570,,,0,103,,1333,570,,,0,101,,1320,570,,,0,107,,1321,570,,,0,86,,1322,570,,,0,102,,1323,570,,,0,193,,1324,570,,,0,196,,1325,570,,,0,194,,1334,570,,,0
1400,'Semaine-01',701,,539,570,,,0,33,,523,570,,,0,94,,530,570,,,0,104,,531,570,,,0,103,,532,570,,,0,111,,533,570,,,0,100,,534,570,,,0,101,,535,570,,,0,100,,536,570,,,0,103,,537,570,,,0,101,,524,570,,,0,107,,525,570,,,0,86,,526,570,,,0,102,,527,570,,,0,193,,528,570,,,0,196,,529,570,,,0,194,,538,570,,,0
1400,'Week-end-01',743,,540,570,,,0,207,,541,570,,,0,200,,542,570,,,0,200,,543,570,,,0,200,,544,570,,,0,200,,545,570,,,0,200,,546,570,,,0,200,,547,570,,,0,198,,548,570,,,0,187,,549,480,,,0
10000,'Fête-2-01',1702,,1418,620,,,0,30,,1419,620,,,0,25,,1422,620,,,0,85,,1420,620,,,0
10000,'Semaine-01',1702,,719,620,,,0,30,,720,620,,,0,25,,724,620,,,0,85,,722,620,,,0
