101,'Fête-2-01',610,,1106,80,,,0,91,,1107,80,,,0,57,,1102,80,,,0,142,,1094,80,,,0,58,,1095,80,,,0,100,,1096,80,,,0,145,,1097,80,,,0,102,,1098,80,,,0,100,,1099,80,,,0,100,,1093,80,,,0,99,,1103,80,,,0,111,,1104,80,,,0,100,,1105,80,,,0,196,,1100,80,,,0,197,,1101,80,,,0
101,'Semaine-01',610,,93,80,,,0,91,,94,80,,,0,57,,88,80,,,0,142,,80,80,,,0,58,,81,80,,,0,100,,82,80,,,0,145,,83,80,,,0,102,,84,80,,,0,100,,85,80,,,0,100,,79,80,,,0,99,,89,80,,,0,41,,1108,80,4,,0,70,,91,80,,,0,100,,92,80,,,0,196,,86,80,,,0,197,,87,80,,,0
201,'Fête-2-01',746,,1121,350,,,0,157,,1119,350,,,0,205,,1124,220,,,0,207,,1122,350,,,0,239,,1125,220,,,0,249,,1123,350,,,0,122,,1120,350,,,0
201,'Semaine-01',746,,132,350,,,0,157,,130,350,,,0,205,,135,220,,,0,207,,133,350,,,0,239,,136,220,,,0,249,,134,350,,,0,122,,131,350,,,0
801,'Fête-1-01',821,,1166,80,,,0,200,,1167,80,,,0,196,,1168,80,,,0,200,,1169,80,,,0,200,,1170,80,,,0,200,,1171,80,,,0,202,,1172,80,,,0,200,,1173,80,,,0
801,'Fête-2-01',757,,1180,80,,,0,152,,1181,80,,,0,100,,1182,80,,,0,103,,1183,80,,,0,103,,1184,80,,,0,104,,1185,80,,,0,101,,1186,80,,,0,95,,1174,80,,,0,104,,1175,80,,,0,97,,1176,80,,,0,102,,1177,80,,,0,195,,1178,80,,,0,201,,1179,80,,,0
801,'Semaine-01',757,,245,80,,,0,152,,246,80,,,0,100,,247,80,,,0,103,,248,80,,,0,103,,249,80,,,0,104,,250,80,,,0,101,,251,80,,,0,95,,238,80,,,0,104,,239,80,,,0,29,,1188,90,,,0,68,,241,80,,,0,102,,242,80,,,0,195,,243,80,,,0,201,,244,80,,,0
801,'Week-end-01',821,,253,80,,,0,200,,254,80,,,0,196,,255,80,,,0,200,,256,80,,,0,200,,257,80,,,0,200,,258,80,,,0,202,,259,80,,,0,200,,260,80,,,0
1101,'Fête-1-01',811,,1280,80,,,0,198,,1281,80,,,0,200,,1282,80,,,0,200,,1283,80,,,0,200,,1284,80,,,0,200,,1285,80,,,0,200,,1286,80,,,0,200,,1287,80,,,0
1101,'Fête-2-01',730,,1289,80,,,0,173,,1297,80,,,0,100,,1298,80,,,0,99,,1299,80,,,0,100,,1300,80,,,0,100,,1301,80,,,0,101,,1302,80,,,0,100,,1303,80,,,0,100,,1304,80,,,0,111,,1290,80,,,0,105,,1291,80,,,0,85,,1292,80,,,0,98,,1293,80,,,0,101,,1294,80,,,0,100,,1295,80,,,0,100,,1296,80,,,0
1101,'Semaine-01',730,,468,80,,,0,173,,476,80,,,0,100,,477,80,,,0,99,,478,80,,,0,100,,479,80,,,0,100,,480,80,,,0,101,,481,80,,,0,100,,482,80,,,0,100,,483,80,,,0,41,,1308,80,,,0,70,,469,80,,,0,105,,470,80,,,0,85,,471,80,,,0,98,,472,80,,,0,101,,473,80,,,0,100,,474,80,,,0,100,,475,80,,,0
1101,'Week-end-01',811,,488,80,,,0,198,,489,80,,,0,200,,490,80,,,0,200,,491,80,,,0,200,,492,80,,,0,200,,493,80,,,0,200,,494,80,,,0,200,,495,80,,,0
1401,'Fête-1-01',615,,1336,250,,,0,207,,1337,250,,,0,200,,1338,250,,,0,198,,1339,250,,,0,200,,1340,250,,,0,196,,1341,250,,,0,200,,1342,250,,,0,206,,1343,250,,,0,200,,1344,250,,,0
1401,'Fête-2-01',614,,1345,250,,,0,87,,1352,250,,,0,104,,1353,250,,,0,106,,1354,250,,,0,100,,1355,250,,,0,100,,1356,250,,,0,99,,1357,250,,,0,100,,1358,250,,,0,100,,1359,250,,,0,101,,1346,250,,,0,100,,1347,250,,,0,103,,1348,250,,,0,103,,1349,250,,,0,195,,1350,250,,,0,203,,1351,250,,,0
1401,'Semaine-01',614,,577,250,,,0,87,,584,250,,,0,38,,1361,250,,,0,66,,585,250,,,0,106,,586,250,,,0,100,,587,250,,,0,100,,588,250,,,0,99,,589,250,,,0,100,,590,250,,,0,100,,591,250,,,0,101,,578,250,,,0,100,,579,250,,,0,30,,1360,250,,,0,73,,580,250,,,0,103,,581,250,,,0,195,,582,250,,,0,203,,583,250,,,0
1401,'Week-end-01',615,,592,250,,,0,207,,593,250,,,0,200,,594,250,,,0,198,,595,250,,,0,200,,596,250,,,0,196,,597,250,,,0,200,,598,250,,,0,206,,599,250,,,0,200,,600,250,,,0
10001,'Fête-2-01',454,,1423,350,,,0,151,,1426,350,,,0,37,,1424,350,,,0,71,,1425,350,,,0
10001,'Semaine-01',454,,732,350,,,0,151,,735,350,,,0,37,,733,350,,,0,71,,734,350,,,0
40001,'Fête-2-01',1647,,1590,80,,,0,65,,1562,80,,,0,107,,1563,80,,,0
40001,'Semaine-01',1647,,1039,80,,,0,65,,1011,80,,,0,107,,1012,80,,,0
