100,'Fête-2-01',737,,1075,540,,,0,101,,1076,540,,,0,103,,1067,580,,,0,100,,1068,580,,,0,100,,1069,580,,,0,161,,1070,580,,,0,101,,1071,580,,,0,100,,1072,580,,,0,53,,1077,580,,,0,101,,1073,580,,,0,94,,1074,580,,,0,106,,1078,580,,,0,101,,1079,580,,,0,195,,1080,580,,,0,197,,1081,580,,,0
100,'Semaine-01',737,,1083,300,,,0,101,,38,540,,,0,20,,1082,300,,,0,83,,29,580,,,0,100,,30,580,,,0,100,,31,580,,,0,161,,32,580,,,0,101,,33,580,,,0,100,,34,580,,,0,53,,40,580,,,0,101,,35,580,,,0,94,,36,580,,,0,106,,41,580,,,0,101,,42,580,,,0,195,,43,580,,,0,197,,44,580,,,0
200,'Fête-2-01',1027,,1117,60,0,8,0,174,,1111,60,,,0,308,,1118,60,0,8,0,130,,1112,60,,,0,179,,1113,60,,,0
200,'Semaine-01',1027,,119,60,0,8,0,174,,113,60,,,0,308,,120,60,0,8,0,130,,114,60,,,0,179,,115,60,,,0
800,'Fête-1-01',944,,1141,480,,,0,201,,1142,480,,,0,200,,1143,480,,,0,200,,1144,480,,,0,201,,1145,480,,,0,197,,1146,480,,,0,199,,1147,480,,,0,198,,1148,480,,,0
800,'Fête-2-01',707,,1149,480,,,0,110,,1150,480,,,0,114,,1159,480,,,0,99,,1160,480,,,0,100,,1151,480,,,0,105,,1152,480,,,0,99,,1161,480,,,0,105,,1162,480,,,0,105,,1163,480,,,0,102,,1153,480,,,0,92,,1154,480,,,0,112,,1155,480,,,0,92,,1156,480,,,0,194,,1157,480,,,0,197,,1158,480,,,0
800,'Semaine-01',707,,191,480,,,0,32,,1164,310,,,0,78,,192,480,,,0,39,,1165,480,,,0,75,,201,480,,,0,99,,202,480,,,0,100,,193,480,,,0,105,,194,480,,,0,99,,203,480,,,0,105,,204,480,,,0,105,,205,480,,,0,102,,195,480,,,0,92,,196,480,,,0,112,,197,480,,,0,92,,198,480,,,0,194,,199,480,,,0,197,,200,480,,,0
800,'Week-end-01',944,,207,480,,,0,201,,208,480,,,0,200,,209,480,,,0,200,,210,480,,,0,201,,211,480,,,0,197,,212,480,,,0,199,,213,480,,,0,198,,214,480,,,0
1100,'Fête-1-01',949,,1249,460,,,0,200,,1250,460,,,0,200,,1251,460,,,0,200,,1252,460,,,0,200,,1253,460,,,0,200,,1254,460,,,0,200,,1255,460,,,0,198,,1256,460,,,0
1100,'Fête-2-01',638,,1275,460,,,0,101,,1258,460,,,0,103,,1266,460,,,0,77,,1267,460,,,0,100,,1268,460,,,0,112,,1269,460,,,0,100,,1270,460,,,0,88,,1271,460,,,0,100,,1272,460,,,0,100,,1273,460,,,0,100,,1259,460,,,0,112,,1260,460,,,0,95,,1274,460,,,0,99,,1257,460,,,0,100,,1261,460,,,0,93,,1262,460,,,0,100,,1263,460,,,0,100,,1264,460,,,0,98,,1265,460,,,0
1100,'Semaine-01',638,,430,460,,,0,101,,411,460,,,0,100,,1277,320,,,0,3,,420,460,,,0,77,,421,460,,,0,100,,422,460,,,0,112,,423,460,,,0,100,,424,460,,,0,88,,425,460,,,0,100,,426,460,,,0,100,,427,460,,,0,100,,412,460,,,0,32,,1276,460,,,0,80,,413,460,,,0,25,,1278,460,,,0,70,,428,460,,,0,19,,1279,460,,,0,80,,408,460,,,0,100,,415,460,,,0,93,,416,460,,,0,100,,417,460,,,0,100,,418,460,,,0,98,,419,460,,,0
1100,'Week-end-01',949,,431,460,,,0,200,,432,460,,,0,200,,433,460,,,0,200,,434,460,,,0,200,,435,460,,,0,200,,436,460,,,0,200,,437,460,,,0,198,,438,460,,,0
1400,'Fête-1-01',739,,1309,480,,,0,207,,1310,480,,,0,200,,1311,480,,,0,200,,1312,480,,,0,200,,1313,480,,,0,200,,1314,480,,,0,200,,1315,480,,,0,200,,1316,480,,,0,198,,1317,480,,,0,187,,1318,390,,,0
1400,'Fête-2-01',656,,1335,480,,,0,73,,1319,480,,,0,94,,1326,480,,,0,104,,1327,480,,,0,103,,1328,480,,,0,111,,1329,480,,,0,100,,1330,480,,,0,101,,1331,480,,,0,100,,1332,480,,,0,103,,1333,480,,,0,101,,1320,480,,,0,107,,1321,480,,,0,87,,1322,480,,,0,102,,1323,480,,,0,193,,1324,480,,,0,196,,1325,480,,,0,194,,1334,480,,,0
1400,'Semaine-01',656,,539,480,,,0,73,,523,480,,,0,94,,530,480,,,0,104,,531,480,,,0,103,,532,480,,,0,111,,533,480,,,0,100,,534,480,,,0,101,,535,480,,,0,100,,536,480,,,0,103,,537,480,,,0,101,,524,480,,,0,107,,525,480,,,0,87,,526,480,,,0,102,,527,480,,,0,193,,528,480,,,0,196,,529,480,,,0,194,,538,480,,,0
1400,'Week-end-01',739,,540,480,,,0,207,,541,480,,,0,200,,542,480,,,0,200,,543,480,,,0,200,,544,480,,,0,200,,545,480,,,0,200,,546,480,,,0,200,,547,480,,,0,198,,548,480,,,0,187,,549,390,,,0
10000,'Fête-2-01',1655,,1418,530,,,0,70,,1419,530,,,0,25,,1422,530,,,0,85,,1420,530,,,0,84,,1421,530,,,0
10000,'Semaine-01',1655,,719,530,,,0,70,,720,530,,,0,25,,724,530,,,0,85,,722,530,,,0,84,,723,530,,,0
40000,'Semaine-01',724,,883,530,,,0,116,,907,530,,,0,64,,908,530,,,0
