100,'Fête-1-01',910,,1059,10,,,0,200,,1060,10,,,0,200,,1061,10,,,0,200,,1062,10,,,0,200,,1063,10,,,0,200,,1064,10,,,0,200,,1065,10,,,0,198,,1066,10,,,0
100,'Semaine-01',658,,37,10,,,0,100,,38,10,,,0,97,,29,10,,,0,100,,30,10,,,0,100,,31,10,,,0,161,,32,10,,,0,100,,33,10,,,0,100,,34,10,,,0,93,,40,10,,,0,100,,35,10,,,0,95,,36,10,,,0,106,,41,10,,,0,101,,42,10,,,0,195,,43,10,,,0,199,,44,10,,,0
100,'Week-end-01',910,,45,10,,,0,200,,46,10,,,0,200,,47,10,,,0,200,,48,10,,,0,200,,49,10,,,0,200,,50,10,,,0,200,,51,10,,,0,198,,52,10,,,0
101,'Fête-1-01',857,,1067,620,4,,0,200,,1068,620,4,,0,197,,1069,620,4,,0,200,,1070,620,4,,0,200,,1071,620,4,,0,200,,1072,620,4,,0,202,,1073,620,4,,0,200,,1074,620,4,,0
101,'Semaine-01',652,,93,630,4,,0,92,,94,630,4,,0,102,,88,680,4,,0,102,,80,680,4,,0,100,,81,680,4,,0,100,,82,680,4,,0,105,,83,680,4,,0,104,,84,680,4,,0,100,,85,680,4,,0,101,,79,680,4,,0,93,,89,630,4,,0,107,,91,630,4,,0,100,,92,630,4,,0,194,,86,630,4,,0,196,,87,630,4,,0
101,'Week-end-01',857,,95,620,4,,0,200,,96,620,4,,0,197,,97,620,4,,0,200,,98,620,4,,0,200,,99,620,4,,0,200,,100,620,4,,0,202,,101,620,4,,0,200,,102,620,4,,0
800,'Fête-1-01',910,,1075,10,,,0,200,,1076,10,,,0,200,,1077,10,,,0,200,,1078,10,,,0,200,,1079,10,,,0,200,,1080,10,,,0,200,,1081,10,,,0,198,,1082,10,,,0
800,'Semaine-01',635,,191,10,,,0,105,,192,10,,,0,116,,201,10,,,0,99,,202,10,,,0,100,,193,10,,,0,145,,194,10,,,0,100,,203,10,,,0,105,,204,10,,,0,104,,205,10,,,0,100,,195,10,,,0,97,,196,10,,,0,112,,197,10,,,0,92,,198,10,,,0,196,,199,10,,,0,198,,200,10,,,0
800,'Week-end-01',910,,207,10,,,0,200,,208,10,,,0,200,,209,10,,,0,200,,210,10,,,0,200,,211,10,,,0,200,,212,10,,,0,200,,213,10,,,0,198,,214,10,,,0
801,'Fête-1-01',857,,1083,590,4,,0,200,,1084,590,4,,0,196,,1085,590,4,,0,200,,1086,590,4,,0,200,,1087,590,4,,0,200,,1088,590,4,,0,202,,1089,590,4,,0,200,,1090,590,4,,0
801,'Semaine-01',647,,252,470,4,,0,189,,245,590,4,,0,112,,246,590,4,,0,100,,247,590,4,,0,103,,248,590,4,,0,103,,249,590,4,,0,104,,250,590,4,,0,101,,251,590,4,,0,97,,238,590,4,,0,144,,239,590,4,,0,57,,241,590,4,,0,101,,242,590,4,,0,193,,243,590,4,,0,200,,244,590,4,,0
801,'Week-end-01',857,,253,590,4,,0,200,,254,590,4,,0,196,,255,590,4,,0,200,,256,590,4,,0,200,,257,590,4,,0,200,,258,590,4,,0,202,,259,590,4,,0,200,,260,590,4,,0
900,'Fête-1-01',547,,1091,10,,,0,163,,1093,10,,,0,200,,1094,10,,,0,200,,1095,10,,,0,200,,1096,10,,,0,200,,1097,10,,,0,200,,1098,10,,,0,200,,1099,10,,,0,200,,1100,10,,,0,198,,1092,10,,,0
900,'Semaine-01',445,,292,10,,,0,105,,303,10,,,0,74,,300,10,,,0,76,,304,10,,,0,55,,305,10,,,0,101,,293,10,,,0,100,,294,10,,,0,99,,306,10,,,0,150,,295,10,,,0,104,,307,10,,,0,96,,296,10,,,0,100,,291,10,,,0,114,,302,10,,,0,85,,301,10,,,0,104,,308,10,,,0,100,,297,10,,,0,98,,298,10,,,0,100,,309,10,,,0,100,,310,10,,,0,100,,299,10,,,0
900,'Week-end-01',547,,311,10,,,0,163,,313,10,,,0,200,,314,10,,,0,200,,315,10,,,0,200,,316,10,,,0,200,,317,10,,,0,200,,318,10,,,0,200,,319,10,,,0,200,,320,10,,,0,198,,312,10,,,0
901,'Fête-1-01',858,,1101,550,4,,0,200,,1102,550,4,,0,198,,1103,550,4,,0,200,,1104,550,4,,0,199,,1105,550,4,,0,200,,1106,550,4,,0,201,,1107,550,4,,0,199,,1108,550,4,,0,198,,1109,550,4,,0
901,'Semaine-01',619,,352,560,4,,0,34,,351,560,4,,0,104,,353,560,4,,0,93,,364,560,4,,0,99,,355,560,4,,0,100,,356,560,4,,0,100,,365,560,4,,0,100,,357,560,4,,0,108,,366,560,4,,0,100,,358,560,4,,0,100,,359,560,4,,0,101,,354,560,4,,0,148,,367,560,4,,0,21,,368,560,4,,0,28,,369,560,4,,0,96,,360,560,4,,0,100,,361,560,4,,0,100,,370,560,4,,0,97,,371,560,4,,0,100,,362,560,4,,0,99,,363,560,4,,0
901,'Week-end-01',858,,372,550,4,,0,200,,373,550,4,,0,198,,374,550,4,,0,200,,375,550,4,,0,199,,376,550,4,,0,200,,377,550,4,,0,201,,378,550,4,,0,199,,379,550,4,,0,198,,380,550,4,,0
1400,'Fête-1-01',703,,1126,10,,,0,207,,1127,10,,,0,200,,1128,10,,,0,200,,1129,10,,,0,200,,1130,10,,,0,200,,1131,10,,,0,200,,1132,10,,,0,200,,1133,10,,,0,198,,1134,10,,,0,200,,1135,10,,,0
1400,'Semaine-01',625,,539,10,,,0,33,,523,10,,,0,92,,530,10,,,0,105,,531,10,,,0,103,,532,10,,,0,151,,533,10,,,0,100,,534,10,,,0,100,,535,10,,,0,100,,536,10,,,0,100,,537,10,,,0,100,,524,10,,,0,110,,525,10,,,0,90,,526,10,,,0,102,,527,10,,,0,195,,528,10,,,0,198,,529,10,,,0,155,,538,10,,,0
1400,'Week-end-01',703,,540,10,,,0,207,,541,10,,,0,200,,542,10,,,0,200,,543,10,,,0,200,,544,10,,,0,200,,545,10,,,0,200,,546,10,,,0,200,,547,10,,,0,198,,548,10,,,0,200,,549,10,,,0
1401,'Fête-1-01',650,,1136,730,4,,0,207,,1137,730,4,,0,200,,1138,730,4,,0,198,,1139,730,4,,0,200,,1140,730,4,,0,200,,1141,730,4,,0,200,,1142,730,4,,0,202,,1143,730,4,,0,200,,1144,730,4,,0
1401,'Semaine-01',651,,577,730,4,,0,90,,584,730,4,,0,105,,585,730,4,,0,105,,586,730,4,,0,100,,587,730,4,,0,100,,588,730,4,,0,99,,589,730,4,,0,100,,590,730,4,,0,100,,591,730,4,,0,104,,578,730,4,,0,102,,579,730,4,,0,103,,580,730,4,,0,97,,581,730,4,,0,195,,582,730,4,,0,203,,583,730,4,,0
1401,'Week-end-01',650,,592,730,4,,0,207,,593,730,4,,0,200,,594,730,4,,0,198,,595,730,4,,0,200,,596,730,4,,0,200,,597,730,4,,0,200,,598,730,4,,0,202,,599,730,4,,0,200,,600,730,4,,0
1500,'Fête-1-01',905,,1145,10,,,1,100,,1146,10,,,1,100,,1147,10,,,1,100,,1148,10,,,1,100,,1149,10,,,1,100,,1150,10,,,1,100,,1151,10,,,1,100,,1152,10,,,1,100,,1153,10,,,1,100,,1154,10,,,1,100,,1155,10,,,1,200,,1156,10,,,1,200,,1157,10,,,1
1500,'Semaine-01',705,,629,10,,,1,51,,636,10,,,1,99,,637,10,,,1,100,,638,10,,,1,100,,639,10,,,1,148,,640,10,,,1,55,,641,10,,,1,100,,642,10,,,1,100,,643,10,,,1,147,,630,10,,,1,105,,631,10,,,1,98,,632,10,,,1,102,,633,10,,,1,194,,634,10,,,1,202,,635,10,,,1
1500,'Week-end-01',905,,644,10,,,1,100,,645,10,,,1,100,,646,10,,,1,100,,647,10,,,1,100,,648,10,,,1,100,,649,10,,,1,100,,650,10,,,1,100,,651,10,,,1,100,,652,10,,,1,100,,653,10,,,1,100,,654,10,,,1,200,,655,10,,,1,200,,656,10,,,1
1501,'Fête-1-01',857,,1158,450,4,,1,100,,1159,450,4,,1,100,,1160,450,4,,1,100,,1161,450,4,,1,100,,1162,450,4,,1,100,,1163,450,4,,1,98,,1164,450,4,,1,100,,1165,450,4,,1,100,,1166,450,4,,1,100,,1167,450,4,,1,100,,1168,450,4,,1,202,,1169,450,4,,1,200,,1170,450,4,,1
1501,'Semaine-01',655,,685,450,4,,1,96,,692,450,4,,1,98,,693,450,4,,1,98,,694,450,4,,1,100,,695,450,4,,1,105,,696,450,4,,1,101,,697,450,4,,1,100,,698,450,4,,1,100,,699,450,4,,1,99,,686,450,4,,1,101,,687,450,4,,1,104,,688,450,4,,1,91,,689,450,4,,1,205,,690,450,4,,1,198,,691,450,4,,1
1501,'Week-end-01',857,,700,450,4,,1,100,,701,450,4,,1,100,,702,450,4,,1,100,,703,450,4,,1,100,,704,450,4,,1,100,,705,450,4,,1,98,,706,450,4,,1,100,,707,450,4,,1,100,,708,450,4,,1,100,,709,450,4,,1,100,,710,450,4,,1,202,,711,450,4,,1,200,,712,450,4,,1
