100,'Fête-1-01',1000,,1059,590,4,,0,200,,1060,590,4,,0,200,,1061,590,4,,0,200,,1062,590,4,,0,200,,1063,590,4,,0,200,,1064,590,4,,0,200,,1065,590,4,,0,158,,1066,590,4,,0
100,'Week-end-01',1000,,45,590,4,,0,200,,46,590,4,,0,200,,47,590,4,,0,200,,48,590,4,,0,200,,49,590,4,,0,200,,50,590,4,,0,200,,51,590,4,,0,158,,52,590,4,,0
101,'Fête-1-01',808,,1085,10,,,0,200,,1086,10,,,0,197,,1087,10,,,0,200,,1088,10,,,0,200,,1089,10,,,0,200,,1090,10,,,0,202,,1091,10,,,0,200,,1092,10,,,0
101,'Week-end-01',808,,95,10,,,0,200,,96,10,,,0,197,,97,10,,,0,200,,98,10,,,0,200,,99,10,,,0,200,,100,10,,,0,202,,101,10,,,0,200,,102,10,,,0
601,'Fête-2-01',1834,,1138,390,4,,0,86,,1139,390,4,,0
601,'Semaine-01',1834,,162,390,4,,0,86,,163,390,4,,0
801,'Fête-1-01',828,,1166,130,,,0,200,,1167,130,,,0,196,,1168,130,,,0,200,,1169,130,,,0,200,,1170,130,,,0,200,,1171,130,,,0,202,,1172,130,,,0,200,,1173,130,,,0
801,'Fête-2-01',616,,1187,10,,,0,188,,1180,130,,,0,112,,1181,130,,,0,100,,1182,130,,,0,103,,1183,130,,,0,103,,1184,130,,,0,104,,1185,130,,,0,101,,1186,130,,,0,95,,1174,130,,,0,104,,1175,130,,,0,97,,1176,130,,,0,102,,1177,130,,,0,195,,1178,130,,,0,201,,1179,130,,,0
801,'Semaine-01',616,,252,10,,,0,188,,245,130,,,0,112,,246,130,,,0,100,,247,130,,,0,103,,248,130,,,0,103,,249,130,,,0,104,,250,130,,,0,101,,251,130,,,0,95,,238,130,,,0,104,,239,130,,,0,29,,1188,140,,,0,68,,241,130,,,0,102,,242,130,,,0,195,,243,130,,,0,201,,244,130,,,0
801,'Week-end-01',828,,253,130,,,0,200,,254,130,,,0,196,,255,130,,,0,200,,256,130,,,0,200,,257,130,,,0,200,,258,130,,,0,202,,259,130,,,0,200,,260,130,,,0
30001,'Fête-2-01',436,,1465,10,,,0,65,,1459,10,,,0,35,,1460,10,,,0,69,,1463,10,,,0,20,,1461,10,,,0,75,,1464,10,,,0,30,,1462,10,,,0
30001,'Semaine-01',436,,807,10,,,0,65,,801,10,,,0,35,,802,10,,,0,69,,805,10,,,0,20,,803,10,,,0,75,,806,10,,,0,30,,804,10,,,0
40001,'Fête-1-01',629,,1526,10,,,0,106,,1527,10,,,0,99,,1528,10,,,0,100,,1529,10,,,0,99,,1530,10,,,0,100,,1531,10,,,0,100,,1532,10,,,0,96,,1533,10,,,0,99,,1534,10,,,0,103,,1535,10,,,0,100,,1536,10,,,0,100,,1537,10,,,0,100,,1538,10,,,0,101,,1539,10,,,0,100,,1540,10,,,0,100,,1541,10,,,0,102,,1542,10,,,0,102,,1543,10,,,0,100,,1544,10,,,0
40001,'Fête-2-01',421,,1587,10,,,0,23,,1588,10,,,0,70,,1581,10,,,0,30,,1583,10,,,0,10,,1584,10,,,0,60,,1564,10,,,0,20,,1585,10,,,0,15,,1586,10,,,0,70,,1576,10,,,0,30,,1577,10,,,0,10,,1582,10,,,0,70,,1578,10,,,0,100,,1579,10,,,0,77,,1551,10,,,0,23,,1580,10,,,0,100,,1565,10,,,0,78,,1545,10,,,0,22,,1566,10,,,0,105,,1567,10,,,0,99,,1568,10,,,0,20,,1553,10,,,0,80,,1569,10,,,0,102,,1589,10,,,0,66,,1590,130,,,0,28,,1562,130,,,0,72,,1552,10,,,0,25,,1563,130,,,0,32,,1549,10,,,0,71,,1570,10,,,0,101,,1571,10,,,0,102,,1572,10,,,0,96,,1573,10,,,0,100,,1574,10,,,0,104,,1575,10,,,0
40001,'Semaine-01',421,,1036,10,,,0,23,,1037,10,,,0,70,,1030,10,,,0,30,,1032,10,,,0,10,,1033,10,,,0,60,,1013,10,,,0,20,,1034,10,,,0,15,,1035,10,,,0,70,,1025,10,,,0,30,,1026,10,,,0,10,,1031,10,,,0,70,,1027,10,,,0,100,,1028,10,,,0,77,,999,10,,,0,23,,1029,10,,,0,100,,1014,10,,,0,78,,993,10,,,0,22,,1015,10,,,0,105,,1016,10,,,0,99,,1017,10,,,0,20,,1001,10,,,0,80,,1018,10,,,0,102,,1038,10,,,0,66,,1039,130,,,0,28,,1011,130,,,0,72,,1000,10,,,0,25,,1012,130,,,0,32,,997,10,,,0,71,,1019,10,,,0,101,,1020,10,,,0,102,,1021,10,,,0,96,,1022,10,,,0,100,,1023,10,,,0,104,,1024,10,,,0
40001,'Week-end-01',629,,1040,10,,,0,106,,1041,10,,,0,99,,1042,10,,,0,100,,1043,10,,,0,99,,1044,10,,,0,100,,1045,10,,,0,100,,1046,10,,,0,96,,1047,10,,,0,99,,1048,10,,,0,103,,1049,10,,,0,100,,1050,10,,,0,100,,1051,10,,,0,100,,1052,10,,,0,101,,1053,10,,,0,100,,1054,10,,,0,100,,1055,10,,,0,102,,1056,10,,,0,102,,1057,10,,,0,100,,1058,10,,,0
