100,'Fête-1-01',936,,1059,330,,,0,200,,1060,330,,,0,200,,1061,330,,,0,200,,1062,330,,,0,200,,1063,330,,,0,200,,1064,330,,,0,200,,1065,330,,,0,198,,1066,330,,,0
100,'Fête-2-01',717,,1075,290,,,0,101,,1076,290,,,0,104,,1067,330,,,0,100,,1068,330,,,0,100,,1069,330,,,0,121,,1070,330,,,0,101,,1071,330,,,0,100,,1072,330,,,0,93,,1077,330,,,0,100,,1073,330,,,0,95,,1074,330,,,0,106,,1078,330,,,0,101,,1079,330,,,0,195,,1080,330,,,0,197,,1081,330,,,0
100,'Semaine-01',717,,1083,50,,,0,101,,38,290,,,0,20,,1082,50,,,0,84,,29,330,,,0,100,,30,330,,,0,100,,31,330,,,0,121,,32,330,,,0,101,,33,330,,,0,100,,34,330,,,0,93,,40,330,,,0,100,,35,330,,,0,95,,36,330,,,0,106,,41,330,,,0,101,,42,330,,,0,195,,43,330,,,0,197,,44,330,,,0
100,'Week-end-01',936,,45,330,,,0,200,,46,330,,,0,200,,47,330,,,0,200,,48,330,,,0,200,,49,330,,,0,200,,50,330,,,0,200,,51,330,,,0,198,,52,330,,,0
501,'Fête-2-01',541,,1131,50,,,0,76,,1132,50,,,0,30,,1133,50,,,0
501,'Semaine-01',541,,148,50,,,0,73,,149,50,,,0,33,,150,50,,,0
901,'Fête-1-01',810,,1219,50,,,0,200,,1220,50,,,0,197,,1221,50,,,0,200,,1222,50,,,0,200,,1223,50,,,0,200,,1224,50,,,0,202,,1225,50,,,0,200,,1226,50,,,0,198,,1227,50,,,0
901,'Fête-2-01',529,,1229,50,,,0,74,,1228,50,,,0,102,,1230,50,,,0,53,,1241,50,,,0,142,,1232,50,,,0,100,,1233,50,,,0,100,,1242,50,,,0,100,,1234,50,,,0,106,,1243,50,,,0,100,,1235,50,,,0,100,,1236,50,,,0,102,,1231,50,,,0,109,,1244,50,,,0,21,,1245,50,,,0,70,,1246,50,,,0,96,,1237,50,,,0,100,,1238,50,,,0,100,,1247,50,,,0,100,,1248,50,,,0,100,,1239,50,,,0,99,,1240,50,,,0
901,'Semaine-01',529,,352,50,,,0,74,,351,50,,,0,102,,353,50,,,0,53,,364,50,,,0,142,,355,50,,,0,100,,356,50,,,0,100,,365,50,,,0,100,,357,50,,,0,106,,366,50,,,0,100,,358,50,,,0,100,,359,50,,,0,102,,354,50,,,0,109,,367,50,,,0,21,,368,50,,,0,70,,369,50,,,0,96,,360,50,,,0,100,,361,50,,,0,100,,370,50,,,0,100,,371,50,,,0,100,,362,50,,,0,99,,363,50,,,0
901,'Week-end-01',810,,372,50,,,0,200,,373,50,,,0,197,,374,50,,,0,200,,375,50,,,0,200,,376,50,,,0,200,,377,50,,,0,202,,378,50,,,0,200,,379,50,,,0,198,,380,50,,,0
1100,'Fête-1-01',922,,1249,50,,,0,200,,1250,50,,,0,200,,1251,50,,,0,200,,1252,50,,,0,200,,1253,50,,,0,200,,1254,50,,,0,200,,1255,50,,,0,198,,1256,50,,,0
1100,'Fête-2-01',611,,1275,50,,,0,101,,1258,50,,,0,103,,1266,50,,,0,37,,1267,50,,,0,100,,1268,50,,,0,152,,1269,50,,,0,100,,1270,50,,,0,48,,1271,50,,,0,100,,1272,50,,,0,100,,1273,50,,,0,100,,1259,50,,,0,151,,1260,50,,,0,55,,1274,50,,,0,100,,1257,50,,,0,100,,1261,50,,,0,94,,1262,50,,,0,100,,1263,50,,,0,100,,1264,50,,,0,98,,1265,50,,,0
1100,'Semaine-01',611,,430,50,,,0,101,,411,50,,,0,103,,420,50,,,0,37,,421,50,,,0,100,,422,50,,,0,152,,423,50,,,0,100,,424,50,,,0,48,,425,50,,,0,100,,426,50,,,0,100,,427,50,,,0,100,,412,50,,,0,71,,1276,50,,,0,80,,413,50,,,0,25,,1278,50,,,0,30,,428,50,,,0,60,,1279,50,,,0,40,,408,50,,,0,100,,415,50,,,0,94,,416,50,,,0,100,,417,50,,,0,100,,418,50,,,0,98,,419,50,,,0
1100,'Week-end-01',922,,431,50,,,0,200,,432,50,,,0,200,,433,50,,,0,200,,434,50,,,0,200,,435,50,,,0,200,,436,50,,,0,200,,437,50,,,0,198,,438,50,,,0
1400,'Fête-1-01',723,,1309,320,,,0,207,,1310,320,,,0,200,,1311,320,,,0,200,,1312,320,,,0,200,,1313,320,,,0,200,,1314,320,,,0,200,,1315,320,,,0,200,,1316,320,,,0,198,,1317,320,,,0
1400,'Fête-2-01',645,,1335,320,,,0,73,,1319,320,,,0,92,,1326,320,,,0,105,,1327,320,,,0,103,,1328,320,,,0,111,,1329,320,,,0,100,,1330,320,,,0,100,,1331,320,,,0,100,,1332,320,,,0,103,,1333,320,,,0,100,,1320,320,,,0,108,,1321,320,,,0,88,,1322,320,,,0,102,,1323,320,,,0,194,,1324,320,,,0,197,,1325,320,,,0,194,,1334,320,,,0
1400,'Semaine-01',645,,539,320,,,0,73,,523,320,,,0,92,,530,320,,,0,105,,531,320,,,0,103,,532,320,,,0,111,,533,320,,,0,100,,534,320,,,0,100,,535,320,,,0,100,,536,320,,,0,103,,537,320,,,0,100,,524,320,,,0,108,,525,320,,,0,88,,526,320,,,0,102,,527,320,,,0,194,,528,320,,,0,197,,529,320,,,0,194,,538,320,,,0
1400,'Week-end-01',723,,540,320,,,0,207,,541,320,,,0,200,,542,320,,,0,200,,543,320,,,0,200,,544,320,,,0,200,,545,320,,,0,200,,546,320,,,0,200,,547,320,,,0,198,,548,320,,,0
1401,'Fête-1-01',635,,1336,490,,,0,207,,1337,490,,,0,200,,1338,490,,,0,198,,1339,490,,,0,200,,1340,490,,,0,198,,1341,490,,,0,200,,1342,490,,,0,204,,1343,490,,,0,200,,1344,490,,,0
1401,'Fête-2-01',634,,1345,490,,,0,89,,1352,490,,,0,105,,1353,490,,,0,105,,1354,490,,,0,100,,1355,490,,,0,100,,1356,490,,,0,99,,1357,490,,,0,100,,1358,490,,,0,100,,1359,490,,,0,101,,1346,490,,,0,101,,1347,490,,,0,103,,1348,490,,,0,101,,1349,490,,,0,195,,1350,490,,,0,203,,1351,490,,,0
1401,'Semaine-01',634,,577,490,,,0,89,,584,490,,,0,105,,585,490,,,0,105,,586,490,,,0,100,,587,490,,,0,100,,588,490,,,0,99,,589,490,,,0,100,,590,490,,,0,100,,591,490,,,0,101,,578,490,,,0,101,,579,490,,,0,103,,580,490,,,0,101,,581,490,,,0,195,,582,490,,,0,203,,583,490,,,0
1401,'Week-end-01',635,,592,490,,,0,207,,593,490,,,0,200,,594,490,,,0,198,,595,490,,,0,200,,596,490,,,0,198,,597,490,,,0,200,,598,490,,,0,204,,599,490,,,0,200,,600,490,,,0
