101,'Fête-2-01',607,,1106,20,,,0,51,,1107,20,,,0,97,,1102,20,,,0,102,,1094,20,,,0,98,,1095,20,,,0,100,,1096,20,,,0,145,,1097,20,,,0,102,,1098,20,,,0,100,,1099,20,,,0,100,,1093,20,,,0,99,,1103,20,,,0,111,,1104,20,,,0,100,,1105,20,,,0,196,,1100,20,,,0,197,,1101,20,,,0
101,'Semaine-01',607,,93,20,,,0,51,,94,20,,,0,97,,88,20,,,0,102,,80,20,,,0,98,,81,20,,,0,100,,82,20,,,0,145,,83,20,,,0,102,,84,20,,,0,100,,85,20,,,0,100,,79,20,,,0,99,,89,20,,,0,111,,91,20,,,0,100,,92,20,,,0,196,,86,20,,,0,197,,87,20,,,0
801,'Fête-1-01',818,,1166,20,,,0,200,,1167,20,,,0,196,,1168,20,,,0,200,,1169,20,,,0,200,,1170,20,,,0,200,,1171,20,,,0,202,,1172,20,,,0,200,,1173,20,,,0
801,'Fête-2-01',753,,1180,20,,,0,152,,1181,20,,,0,100,,1182,20,,,0,103,,1183,20,,,0,103,,1184,20,,,0,104,,1185,20,,,0,101,,1186,20,,,0,95,,1174,20,,,0,104,,1175,20,,,0,97,,1176,20,,,0,103,,1177,20,,,0,195,,1178,20,,,0,201,,1179,20,,,0
801,'Semaine-01',753,,245,20,,,0,152,,246,20,,,0,100,,247,20,,,0,103,,248,20,,,0,103,,249,20,,,0,104,,250,20,,,0,101,,251,20,,,0,95,,238,20,,,0,104,,239,20,,,0,29,,1188,30,,,0,68,,241,20,,,0,103,,242,20,,,0,195,,243,20,,,0,201,,244,20,,,0
801,'Week-end-01',818,,253,20,,,0,200,,254,20,,,0,196,,255,20,,,0,200,,256,20,,,0,200,,257,20,,,0,200,,258,20,,,0,202,,259,20,,,0,200,,260,20,,,0
1101,'Fête-1-01',807,,1280,20,,,0,198,,1281,20,,,0,200,,1282,20,,,0,200,,1283,20,,,0,200,,1284,20,,,0,200,,1285,20,,,0,200,,1286,20,,,0,200,,1287,20,,,0
1101,'Fête-2-01',725,,1289,20,,,0,133,,1297,20,,,0,100,,1298,20,,,0,100,,1299,20,,,0,100,,1300,20,,,0,100,,1301,20,,,0,100,,1302,20,,,0,100,,1303,20,,,0,100,,1304,20,,,0,152,,1290,20,,,0,105,,1291,20,,,0,85,,1292,20,,,0,58,,1293,20,,,0,100,,1294,20,,,0,100,,1295,20,,,0,100,,1296,20,,,0
1101,'Semaine-01',725,,468,20,,,0,133,,476,20,,,0,100,,477,20,,,0,100,,478,20,,,0,100,,479,20,,,0,100,,480,20,,,0,100,,481,20,,,0,100,,482,20,,,0,100,,483,20,,,0,152,,469,20,,,0,105,,470,20,,,0,85,,471,20,,,0,58,,472,20,,,0,100,,473,20,,,0,100,,474,20,,,0,100,,475,20,,,0
1101,'Week-end-01',807,,488,20,,,0,198,,489,20,,,0,200,,490,20,,,0,200,,491,20,,,0,200,,492,20,,,0,200,,493,20,,,0,200,,494,20,,,0,200,,495,20,,,0
