100,'Fête-1-01',958,,1059,580,,,0,200,,1060,580,,,0,200,,1061,580,,,0,200,,1062,580,,,0,200,,1063,580,,,0,200,,1064,580,,,0,200,,1065,580,,,0,198,,1066,580,,,0
100,'Week-end-01',958,,45,580,,,0,200,,46,580,,,0,200,,47,580,,,0,200,,48,580,,,0,200,,49,580,,,0,200,,50,580,,,0,200,,51,580,,,0,198,,52,580,,,0
201,'Fête-2-01',753,,1121,390,,,0,157,,1119,390,,,0,205,,1124,260,,,0,207,,1122,390,,,0,279,,1125,260,,,0,209,,1123,390,,,0,121,,1120,390,,,0
201,'Semaine-01',753,,132,390,,,0,157,,130,390,,,0,205,,135,260,,,0,207,,133,390,,,0,279,,136,260,,,0,209,,134,390,,,0,121,,131,390,,,0
601,'Fête-2-01',1833,,1138,380,0,9,0,86,,1139,380,0,7,0
601,'Semaine-01',1833,,162,380,0,9,0,86,,163,380,0,7,0
801,'Fête-1-01',827,,1166,120,,,0,200,,1167,120,,,0,196,,1168,120,,,0,200,,1169,120,,,0,200,,1170,120,,,0,200,,1171,120,,,0,202,,1172,120,,,0,200,,1173,120,,,0
801,'Fête-2-01',803,,1180,120,,,0,112,,1181,120,,,0,100,,1182,120,,,0,103,,1183,120,,,0,103,,1184,120,,,0,104,,1185,120,,,0,101,,1186,120,,,0,95,,1174,120,,,0,104,,1175,120,,,0,97,,1176,120,,,0,102,,1177,120,,,0,195,,1178,120,,,0,201,,1179,120,,,0
801,'Semaine-01',803,,245,120,,,0,112,,246,120,,,0,100,,247,120,,,0,103,,248,120,,,0,103,,249,120,,,0,104,,250,120,,,0,101,,251,120,,,0,95,,238,120,,,0,104,,239,120,,,0,29,,1188,130,,,0,68,,241,120,,,0,102,,242,120,,,0,195,,243,120,,,0,201,,244,120,,,0
801,'Week-end-01',827,,253,120,,,0,200,,254,120,,,0,196,,255,120,,,0,200,,256,120,,,0,200,,257,120,,,0,200,,258,120,,,0,202,,259,120,,,0,200,,260,120,,,0
40001,'Fête-2-01',1659,,1590,120,,,0,67,,1562,120,,,0,99,,1563,120,,,0
40001,'Semaine-01',1659,,1039,120,,,0,67,,1011,120,,,0,99,,1012,120,,,0
