1101,'Fête-1-01',814,,1280,130,,,0,198,,1281,130,,,0,200,,1282,130,,,0,200,,1283,130,,,0,200,,1284,130,,,0,200,,1285,130,,,0,200,,1286,130,,,0,200,,1287,130,,,0
1101,'Fête-2-01',733,,1289,130,,,0,173,,1297,130,,,0,100,,1298,130,,,0,99,,1299,130,,,0,100,,1300,130,,,0,100,,1301,130,,,0,101,,1302,130,,,0,100,,1303,130,,,0,100,,1304,130,,,0,112,,1290,130,,,0,105,,1291,130,,,0,84,,1292,130,,,0,98,,1293,130,,,0,101,,1294,130,,,0,100,,1295,130,,,0,100,,1296,130,,,0
1101,'Semaine-01',733,,468,130,,,0,173,,476,130,,,0,100,,477,130,,,0,99,,478,130,,,0,100,,479,130,,,0,100,,480,130,,,0,101,,481,130,,,0,100,,482,130,,,0,100,,483,130,,,0,42,,1308,130,,,0,70,,469,130,,,0,105,,470,130,,,0,84,,471,130,,,0,98,,472,130,,,0,101,,473,130,,,0,100,,474,130,,,0,100,,475,130,,,0
1101,'Week-end-01',814,,488,130,,,0,198,,489,130,,,0,200,,490,130,,,0,200,,491,130,,,0,200,,492,130,,,0,200,,493,130,,,0,200,,494,130,,,0,200,,495,130,,,0
1401,'Fête-1-01',621,,1336,300,,,0,207,,1337,300,,,0,200,,1338,300,,,0,198,,1339,300,,,0,200,,1340,300,,,0,196,,1341,300,,,0,200,,1342,300,,,0,206,,1343,300,,,0,200,,1344,300,,,0
1401,'Fête-2-01',619,,1345,300,,,0,87,,1352,300,,,0,104,,1353,300,,,0,106,,1354,300,,,0,100,,1355,300,,,0,100,,1356,300,,,0,99,,1357,300,,,0,100,,1358,300,,,0,100,,1359,300,,,0,101,,1346,300,,,0,100,,1347,300,,,0,103,,1348,300,,,0,103,,1349,300,,,0,195,,1350,300,,,0,203,,1351,300,,,0
1401,'Semaine-01',619,,577,300,,,0,87,,584,300,,,0,38,,1361,300,,,0,66,,585,300,,,0,106,,586,300,,,0,100,,587,300,,,0,100,,588,300,,,0,99,,589,300,,,0,100,,590,300,,,0,100,,591,300,,,0,101,,578,300,,,0,100,,579,300,,,0,30,,1360,300,,,0,73,,580,300,,,0,103,,581,300,,,0,195,,582,300,,,0,203,,583,300,,,0
1401,'Week-end-01',621,,592,300,,,0,207,,593,300,,,0,200,,594,300,,,0,198,,595,300,,,0,200,,596,300,,,0,196,,597,300,,,0,200,,598,300,,,0,206,,599,300,,,0,200,,600,300,,,0
10001,'Fête-2-01',459,,1423,400,,,0,151,,1426,400,,,0,37,,1424,400,,,0,71,,1425,400,,,0
10001,'Semaine-01',459,,732,400,,,0,151,,735,400,,,0,37,,733,400,,,0,71,,734,400,,,0
