100,'Fête-1-01',928,,1059,290,,,0,200,,1060,290,,,0,200,,1061,290,,,0,200,,1062,290,,,0,200,,1063,290,,,0,200,,1064,290,,,0,200,,1065,290,,,0,198,,1066,290,,,0
100,'Fête-2-01',917,,1067,290,,,0,100,,1068,290,,,0,100,,1069,290,,,0,121,,1070,290,,,0,100,,1071,290,,,0,100,,1072,290,,,0,93,,1077,290,,,0,100,,1073,290,,,0,95,,1074,290,,,0,106,,1078,290,,,0,101,,1079,290,,,0,195,,1080,290,,,0,197,,1081,290,,,0
100,'Semaine-01',917,,29,290,,,0,100,,30,290,,,0,100,,31,290,,,0,121,,32,290,,,0,100,,33,290,,,0,100,,34,290,,,0,93,,40,290,,,0,100,,35,290,,,0,95,,36,290,,,0,106,,41,290,,,0,101,,42,290,,,0,195,,43,290,,,0,197,,44,290,,,0
100,'Week-end-01',928,,45,290,,,0,200,,46,290,,,0,200,,47,290,,,0,200,,48,290,,,0,200,,49,290,,,0,200,,50,290,,,0,200,,51,290,,,0,198,,52,290,,,0
101,'Fête-1-01',838,,1085,360,,,0,200,,1086,360,,,0,197,,1087,360,,,0,200,,1088,360,,,0,200,,1089,360,,,0,200,,1090,360,,,0,202,,1091,360,,,0,200,,1092,360,,,0
101,'Fête-2-01',827,,1102,420,,,0,102,,1094,420,,,0,98,,1095,420,,,0,100,,1096,420,,,0,105,,1097,420,,,0,102,,1098,420,,,0,100,,1099,420,,,0,101,,1093,420,,,0
101,'Semaine-01',827,,88,420,,,0,102,,80,420,,,0,98,,81,420,,,0,100,,82,420,,,0,105,,83,420,,,0,102,,84,420,,,0,100,,85,420,,,0,101,,79,420,,,0
101,'Week-end-01',838,,95,360,,,0,200,,96,360,,,0,197,,97,360,,,0,200,,98,360,,,0,200,,99,360,,,0,200,,100,360,,,0,202,,101,360,,,0,200,,102,360,,,0
801,'Fête-1-01',847,,1166,430,,,0,200,,1167,430,,,0,196,,1168,430,,,0,200,,1169,430,,,0,200,,1170,430,,,0,200,,1171,430,,,0,202,,1172,430,,,0,200,,1173,430,,,0
801,'Fête-2-01',635,,1187,310,,,0,189,,1180,430,,,0,112,,1181,430,,,0,100,,1182,430,,,0,103,,1183,430,,,0,103,,1184,430,,,0,104,,1185,430,,,0,101,,1186,430,,,0,97,,1174,430,,,0,103,,1175,430,,,0,97,,1176,430,,,0,102,,1177,430,,,0,194,,1178,430,,,0,200,,1179,430,,,0
801,'Semaine-01',635,,252,310,,,0,189,,245,430,,,0,112,,246,430,,,0,100,,247,430,,,0,103,,248,430,,,0,103,,249,430,,,0,104,,250,430,,,0,101,,251,430,,,0,97,,238,430,,,0,103,,239,430,,,0,69,,1188,440,,,0,28,,241,430,,,0,102,,242,430,,,0,194,,243,430,,,0,200,,244,430,,,0
801,'Week-end-01',847,,253,430,,,0,200,,254,430,,,0,196,,255,430,,,0,200,,256,430,,,0,200,,257,430,,,0,200,,258,430,,,0,202,,259,430,,,0,200,,260,430,,,0
