101,'Fête-2-01',611,,1106,90,,,0,91,,1107,90,,,0,57,,1102,90,,,0,142,,1094,90,,,0,58,,1095,90,,,0,100,,1096,90,,,0,145,,1097,90,,,0,102,,1098,90,,,0,100,,1099,90,,,0,100,,1093,90,,,0,99,,1103,90,,,0,111,,1104,90,,,0,100,,1105,90,,,0,196,,1100,90,,,0,197,,1101,90,,,0
101,'Semaine-01',611,,93,90,,,0,91,,94,90,,,0,57,,88,90,,,0,142,,80,90,,,0,58,,81,90,,,0,100,,82,90,,,0,145,,83,90,,,0,102,,84,90,,,0,100,,85,90,,,0,100,,79,90,,,0,99,,89,90,,,0,42,,1108,90,4,,0,69,,91,90,,,0,100,,92,90,,,0,196,,86,90,,,0,197,,87,90,,,0
201,'Fête-2-01',748,,1121,360,,,0,157,,1119,360,,,0,205,,1124,230,,,0,207,,1122,360,,,0,239,,1125,230,,,0,249,,1123,360,,,0,121,,1120,360,,,0
201,'Semaine-01',748,,132,360,,,0,157,,130,360,,,0,205,,135,230,,,0,207,,133,360,,,0,239,,136,230,,,0,249,,134,360,,,0,121,,131,360,,,0
801,'Fête-1-01',822,,1166,90,,,0,200,,1167,90,,,0,196,,1168,90,,,0,200,,1169,90,,,0,200,,1170,90,,,0,200,,1171,90,,,0,202,,1172,90,,,0,200,,1173,90,,,0
801,'Fête-2-01',758,,1180,90,,,0,152,,1181,90,,,0,100,,1182,90,,,0,103,,1183,90,,,0,103,,1184,90,,,0,104,,1185,90,,,0,101,,1186,90,,,0,95,,1174,90,,,0,104,,1175,90,,,0,97,,1176,90,,,0,102,,1177,90,,,0,195,,1178,90,,,0,201,,1179,90,,,0
801,'Semaine-01',758,,245,90,,,0,152,,246,90,,,0,100,,247,90,,,0,103,,248,90,,,0,103,,249,90,,,0,104,,250,90,,,0,101,,251,90,,,0,95,,238,90,,,0,104,,239,90,,,0,29,,1188,100,,,0,68,,241,90,,,0,102,,242,90,,,0,195,,243,90,,,0,201,,244,90,,,0
801,'Week-end-01',822,,253,90,,,0,200,,254,90,,,0,196,,255,90,,,0,200,,256,90,,,0,200,,257,90,,,0,200,,258,90,,,0,202,,259,90,,,0,200,,260,90,,,0
1101,'Fête-1-01',811,,1280,90,,,0,198,,1281,90,,,0,200,,1282,90,,,0,200,,1283,90,,,0,200,,1284,90,,,0,200,,1285,90,,,0,200,,1286,90,,,0,200,,1287,90,,,0
1101,'Fête-2-01',730,,1289,90,,,0,173,,1297,90,,,0,100,,1298,90,,,0,99,,1299,90,,,0,100,,1300,90,,,0,100,,1301,90,,,0,101,,1302,90,,,0,100,,1303,90,,,0,100,,1304,90,,,0,111,,1290,90,,,0,105,,1291,90,,,0,85,,1292,90,,,0,98,,1293,90,,,0,101,,1294,90,,,0,100,,1295,90,,,0,100,,1296,90,,,0
1101,'Semaine-01',730,,468,90,,,0,173,,476,90,,,0,100,,477,90,,,0,99,,478,90,,,0,100,,479,90,,,0,100,,480,90,,,0,101,,481,90,,,0,100,,482,90,,,0,100,,483,90,,,0,41,,1308,90,,,0,70,,469,90,,,0,105,,470,90,,,0,85,,471,90,,,0,98,,472,90,,,0,101,,473,90,,,0,100,,474,90,,,0,100,,475,90,,,0
1101,'Week-end-01',811,,488,90,,,0,198,,489,90,,,0,200,,490,90,,,0,200,,491,90,,,0,200,,492,90,,,0,200,,493,90,,,0,200,,494,90,,,0,200,,495,90,,,0
1401,'Fête-1-01',616,,1336,260,,,0,207,,1337,260,,,0,200,,1338,260,,,0,198,,1339,260,,,0,200,,1340,260,,,0,196,,1341,260,,,0,200,,1342,260,,,0,206,,1343,260,,,0,200,,1344,260,,,0
1401,'Fête-2-01',616,,1345,260,,,0,87,,1352,260,,,0,104,,1353,260,,,0,106,,1354,260,,,0,100,,1355,260,,,0,100,,1356,260,,,0,99,,1357,260,,,0,100,,1358,260,,,0,100,,1359,260,,,0,101,,1346,260,,,0,100,,1347,260,,,0,103,,1348,260,,,0,103,,1349,260,,,0,195,,1350,260,,,0,203,,1351,260,,,0
1401,'Semaine-01',616,,577,260,,,0,87,,584,260,,,0,38,,1361,260,,,0,66,,585,260,,,0,106,,586,260,,,0,100,,587,260,,,0,100,,588,260,,,0,99,,589,260,,,0,100,,590,260,,,0,100,,591,260,,,0,101,,578,260,,,0,100,,579,260,,,0,30,,1360,260,,,0,73,,580,260,,,0,103,,581,260,,,0,195,,582,260,,,0,203,,583,260,,,0
1401,'Week-end-01',616,,592,260,,,0,207,,593,260,,,0,200,,594,260,,,0,198,,595,260,,,0,200,,596,260,,,0,196,,597,260,,,0,200,,598,260,,,0,206,,599,260,,,0,200,,600,260,,,0
10001,'Fête-2-01',456,,1423,360,,,0,151,,1426,360,,,0,37,,1424,360,,,0,71,,1425,360,,,0
10001,'Semaine-01',456,,732,360,,,0,151,,735,360,,,0,37,,733,360,,,0,71,,734,360,,,0
40001,'Fête-2-01',1650,,1590,90,,,0,65,,1562,90,,,0,105,,1563,90,,,0
40001,'Semaine-01',1650,,1039,90,,,0,65,,1011,90,,,0,105,,1012,90,,,0
