100,'Fête-2-01',735,,1075,530,,,0,101,,1076,530,,,0,103,,1067,570,,,0,100,,1068,570,,,0,100,,1069,570,,,0,161,,1070,570,,,0,101,,1071,570,,,0,100,,1072,570,,,0,53,,1077,570,,,0,101,,1073,570,,,0,94,,1074,570,,,0,106,,1078,570,,,0,101,,1079,570,,,0,195,,1080,570,,,0,197,,1081,570,,,0
100,'Semaine-01',735,,1083,290,,,0,101,,38,530,,,0,20,,1082,290,,,0,83,,29,570,,,0,100,,30,570,,,0,100,,31,570,,,0,161,,32,570,,,0,101,,33,570,,,0,100,,34,570,,,0,53,,40,570,,,0,101,,35,570,,,0,94,,36,570,,,0,106,,41,570,,,0,101,,42,570,,,0,195,,43,570,,,0,197,,44,570,,,0
200,'Fête-2-01',1026,,1117,50,0,8,0,174,,1111,50,,,0,308,,1118,50,0,8,0,130,,1112,50,,,0,179,,1113,50,,,0
200,'Semaine-01',1026,,119,50,0,8,0,174,,113,50,,,0,308,,120,50,0,8,0,130,,114,50,,,0,179,,115,50,,,0
800,'Fête-1-01',942,,1141,470,,,0,201,,1142,470,,,0,200,,1143,470,,,0,200,,1144,470,,,0,201,,1145,470,,,0,197,,1146,470,,,0,199,,1147,470,,,0,198,,1148,470,,,0
800,'Fête-2-01',706,,1149,470,,,0,109,,1150,470,,,0,114,,1159,470,,,0,99,,1160,470,,,0,100,,1151,470,,,0,105,,1152,470,,,0,99,,1161,470,,,0,105,,1162,470,,,0,106,,1163,470,,,0,101,,1153,470,,,0,93,,1154,470,,,0,111,,1155,470,,,0,92,,1156,470,,,0,195,,1157,470,,,0,197,,1158,470,,,0
800,'Semaine-01',706,,191,470,,,0,31,,1164,300,,,0,78,,192,470,,,0,39,,1165,470,,,0,75,,201,470,,,0,99,,202,470,,,0,100,,193,470,,,0,105,,194,470,,,0,99,,203,470,,,0,105,,204,470,,,0,106,,205,470,,,0,101,,195,470,,,0,93,,196,470,,,0,111,,197,470,,,0,92,,198,470,,,0,195,,199,470,,,0,197,,200,470,,,0
800,'Week-end-01',942,,207,470,,,0,201,,208,470,,,0,200,,209,470,,,0,200,,210,470,,,0,201,,211,470,,,0,197,,212,470,,,0,199,,213,470,,,0,198,,214,470,,,0
1100,'Fête-1-01',948,,1249,450,,,0,200,,1250,450,,,0,200,,1251,450,,,0,200,,1252,450,,,0,200,,1253,450,,,0,200,,1254,450,,,0,200,,1255,450,,,0,198,,1256,450,,,0
1100,'Fête-2-01',637,,1275,450,,,0,101,,1258,450,,,0,103,,1266,450,,,0,77,,1267,450,,,0,100,,1268,450,,,0,112,,1269,450,,,0,100,,1270,450,,,0,88,,1271,450,,,0,100,,1272,450,,,0,100,,1273,450,,,0,100,,1259,450,,,0,112,,1260,450,,,0,95,,1274,450,,,0,99,,1257,450,,,0,100,,1261,450,,,0,93,,1262,450,,,0,100,,1263,450,,,0,100,,1264,450,,,0,98,,1265,450,,,0
1100,'Semaine-01',637,,430,450,,,0,101,,411,450,,,0,100,,1277,310,,,0,3,,420,450,,,0,77,,421,450,,,0,100,,422,450,,,0,112,,423,450,,,0,100,,424,450,,,0,88,,425,450,,,0,100,,426,450,,,0,100,,427,450,,,0,100,,412,450,,,0,32,,1276,450,,,0,80,,413,450,,,0,25,,1278,450,,,0,70,,428,450,,,0,19,,1279,450,,,0,80,,408,450,,,0,100,,415,450,,,0,93,,416,450,,,0,100,,417,450,,,0,100,,418,450,,,0,98,,419,450,,,0
1100,'Week-end-01',948,,431,450,,,0,200,,432,450,,,0,200,,433,450,,,0,200,,434,450,,,0,200,,435,450,,,0,200,,436,450,,,0,200,,437,450,,,0,198,,438,450,,,0
1400,'Fête-1-01',738,,1309,470,,,0,207,,1310,470,,,0,200,,1311,470,,,0,200,,1312,470,,,0,200,,1313,470,,,0,200,,1314,470,,,0,200,,1315,470,,,0,200,,1316,470,,,0,198,,1317,470,,,0,186,,1318,380,,,0
1400,'Fête-2-01',655,,1335,470,,,0,73,,1319,470,,,0,94,,1326,470,,,0,104,,1327,470,,,0,103,,1328,470,,,0,111,,1329,470,,,0,100,,1330,470,,,0,101,,1331,470,,,0,100,,1332,470,,,0,103,,1333,470,,,0,101,,1320,470,,,0,107,,1321,470,,,0,87,,1322,470,,,0,102,,1323,470,,,0,193,,1324,470,,,0,196,,1325,470,,,0,194,,1334,470,,,0
1400,'Semaine-01',655,,539,470,,,0,73,,523,470,,,0,94,,530,470,,,0,104,,531,470,,,0,103,,532,470,,,0,111,,533,470,,,0,100,,534,470,,,0,101,,535,470,,,0,100,,536,470,,,0,103,,537,470,,,0,101,,524,470,,,0,107,,525,470,,,0,87,,526,470,,,0,102,,527,470,,,0,193,,528,470,,,0,196,,529,470,,,0,194,,538,470,,,0
1400,'Week-end-01',738,,540,470,,,0,207,,541,470,,,0,200,,542,470,,,0,200,,543,470,,,0,200,,544,470,,,0,200,,545,470,,,0,200,,546,470,,,0,200,,547,470,,,0,198,,548,470,,,0,186,,549,380,,,0
10000,'Fête-2-01',1654,,1418,520,,,0,70,,1419,520,,,0,25,,1422,520,,,0,85,,1420,520,,,0,84,,1421,520,,,0
10000,'Semaine-01',1654,,719,520,,,0,70,,720,520,,,0,25,,724,520,,,0,85,,722,520,,,0,84,,723,520,,,0
40000,'Semaine-01',723,,883,520,,,0,116,,907,520,,,0,64,,908,520,,,0
