101,'Fête-1-01',856,,1085,600,,,0,200,,1086,600,,,0,197,,1087,600,,,0,200,,1088,600,,,0,200,,1089,600,,,0,200,,1090,600,,,0,202,,1091,600,,,0,200,,1092,600,,,0
101,'Fête-2-01',650,,1106,620,,,0,91,,1107,620,,,0,103,,1102,660,,,0,102,,1094,660,,,0,100,,1095,660,,,0,100,,1096,660,,,0,105,,1097,660,,,0,103,,1098,660,,,0,100,,1099,660,,,0,101,,1093,660,,,0,93,,1103,620,,,0,108,,1104,620,,,0,100,,1105,620,,,0,194,,1100,620,,,0,196,,1101,620,,,0
101,'Semaine-01',650,,93,620,,,0,91,,94,620,,,0,103,,88,660,,,0,102,,80,660,,,0,100,,81,660,,,0,100,,82,660,,,0,105,,83,660,,,0,103,,84,660,,,0,100,,85,660,,,0,101,,79,660,,,0,93,,89,620,,,0,84,,1109,620,,,0,24,,91,620,,,0,100,,92,620,,,0,194,,86,620,,,0,196,,87,620,,,0
101,'Week-end-01',856,,95,600,,,0,200,,96,600,,,0,197,,97,600,,,0,200,,98,600,,,0,200,,99,600,,,0,200,,100,600,,,0,202,,101,600,,,0,200,,102,600,,,0
901,'Fête-1-01',857,,1219,540,,,0,200,,1220,540,,,0,198,,1221,540,,,0,200,,1222,540,,,0,199,,1223,540,,,0,200,,1224,540,,,0,201,,1225,540,,,0,199,,1226,540,,,0,198,,1227,540,,,0
901,'Fête-2-01',616,,1229,550,,,0,34,,1228,550,,,0,104,,1230,550,,,0,93,,1241,550,,,0,100,,1232,550,,,0,100,,1233,550,,,0,100,,1242,550,,,0,100,,1234,550,,,0,108,,1243,550,,,0,100,,1235,550,,,0,100,,1236,550,,,0,101,,1231,550,,,0,148,,1244,550,,,0,21,,1245,550,,,0,28,,1246,550,,,0,96,,1237,550,,,0,100,,1238,550,,,0,100,,1247,550,,,0,97,,1248,550,,,0,100,,1239,550,,,0,99,,1240,550,,,0
901,'Semaine-01',616,,352,550,,,0,34,,351,550,,,0,104,,353,550,,,0,93,,364,550,,,0,100,,355,550,,,0,100,,356,550,,,0,100,,365,550,,,0,100,,357,550,,,0,108,,366,550,,,0,100,,358,550,,,0,100,,359,550,,,0,101,,354,550,,,0,148,,367,550,,,0,21,,368,550,,,0,28,,369,550,,,0,96,,360,550,,,0,100,,361,550,,,0,100,,370,550,,,0,97,,371,550,,,0,100,,362,550,,,0,99,,363,550,,,0
901,'Week-end-01',857,,372,540,,,0,200,,373,540,,,0,198,,374,540,,,0,200,,375,540,,,0,199,,376,540,,,0,200,,377,540,,,0,201,,378,540,,,0,199,,379,540,,,0,198,,380,540,,,0
1401,'Fête-1-01',649,,1336,720,,,0,207,,1337,720,,,0,200,,1338,720,,,0,198,,1339,720,,,0,200,,1340,720,,,0,200,,1341,720,,,0,200,,1342,720,,,0,202,,1343,720,,,0,200,,1344,720,,,0
1401,'Fête-2-01',649,,1345,720,,,0,90,,1352,720,,,0,105,,1353,720,,,0,105,,1354,720,,,0,100,,1355,720,,,0,100,,1356,720,,,0,99,,1357,720,,,0,100,,1358,720,,,0,100,,1359,720,,,0,103,,1346,720,,,0,102,,1347,720,,,0,103,,1348,720,,,0,98,,1349,720,,,0,195,,1350,720,,,0,203,,1351,720,,,0
1401,'Semaine-01',649,,577,720,,,0,90,,584,720,,,0,105,,585,720,,,0,105,,586,720,,,0,100,,587,720,,,0,100,,588,720,,,0,99,,589,720,,,0,100,,590,720,,,0,100,,591,720,,,0,103,,578,720,,,0,102,,579,720,,,0,56,,1360,630,,,0,47,,580,720,,,0,98,,581,720,,,0,195,,582,720,,,0,203,,583,720,,,0
1401,'Week-end-01',649,,592,720,,,0,207,,593,720,,,0,200,,594,720,,,0,198,,595,720,,,0,200,,596,720,,,0,200,,597,720,,,0,200,,598,720,,,0,202,,599,720,,,0,200,,600,720,,,0
1500,'Fête-1-01',907,,1362,60,,,1,100,,1363,60,,,1,100,,1364,60,,,1,100,,1365,60,,,1,100,,1366,60,,,1,100,,1367,60,,,1,100,,1368,60,,,1,100,,1369,60,,,1,100,,1370,60,,,1,100,,1371,60,,,1,100,,1372,60,,,1,200,,1373,60,,,1,200,,1374,60,,,1
1500,'Fête-2-01',707,,1375,60,,,1,51,,1382,60,,,1,99,,1383,60,,,1,100,,1384,60,,,1,100,,1385,60,,,1,148,,1386,60,,,1,95,,1387,60,,,1,100,,1388,60,,,1,100,,1389,60,,,1,107,,1376,60,,,1,105,,1377,60,,,1,98,,1378,60,,,1,102,,1379,60,,,1,194,,1380,60,,,1,202,,1381,60,,,1
1500,'Semaine-01',707,,629,60,,,1,51,,636,60,,,1,99,,637,60,,,1,100,,638,60,,,1,100,,639,60,,,1,148,,640,60,,,1,95,,641,60,,,1,100,,642,60,,,1,100,,643,60,,,1,107,,630,60,,,1,105,,631,60,,,1,98,,632,60,,,1,102,,633,60,,,1,194,,634,60,,,1,202,,635,60,,,1
1500,'Week-end-01',907,,644,60,,,1,100,,645,60,,,1,100,,646,60,,,1,100,,647,60,,,1,100,,648,60,,,1,100,,649,60,,,1,100,,650,60,,,1,100,,651,60,,,1,100,,652,60,,,1,100,,653,60,,,1,100,,654,60,,,1,200,,655,60,,,1,200,,656,60,,,1
30000,'Fête-2-01',616,,1451,150,,,0,197,,1452,150,,,0,343,,1453,150,,,0,398,,1454,150,,,0,161,,1455,150,,,0,97,,1456,150,,,0,92,,1457,150,,,0,452,,1458,150,,,0
30000,'Semaine-01',616,,786,150,,,0,197,,787,150,,,0,343,,788,150,,,0,398,,789,150,,,0,161,,790,150,,,0,97,,791,150,,,0,92,,792,150,,,0,452,,793,150,,,0
40000,'Fête-1-01',753,,1466,170,0,7,0,150,,1467,170,0,7,0,101,,1468,170,0,7,0,101,,1469,170,0,7,0,100,,1470,170,0,7,0,100,,1471,170,0,7,0,99,,1472,170,0,7,0,100,,1473,170,0,7,0,100,,1474,170,0,7,0,102,,1475,170,0,7,0,100,,1476,170,0,7,0,99,,1477,170,0,7,0,100,,1478,170,0,7,0,99,,1479,170,0,7,0,100,,1480,170,0,7,0,99,,1481,170,0,7,0,100,,1482,170,0,7,0,100,,1483,170,0,7,0,100,,1484,170,0,7,0
40000,'Fête-2-01',647,,1500,170,,,0,83,,1492,170,0,7,0,71,,1524,170,,,0,24,,1525,170,,,0,25,,1486,170,0,6 7,0,60,,1493,170,0,7,0,40,,1494,170,0,7,0,60,,1507,170,0,7,0,33,,1487,170,0,6 7,0,60,,1516,170,0,7,0,40,,1498,170,0,6 7,0,67,,1485,170,0,7,0,40,,1488,170,0,6 7,0,60,,1519,170,0,7,0,41,,1489,170,0,6 7,0,59,,1520,170,0,7,0,40,,1490,170,0,7,0,63,,1499,170,0,6 7,0,17,,1521,170,0,7,0,70,,1522,170,0,7,0,15,,1523,170,0,7,0,15,,1502,170,0,7,0,15,,1503,170,0,7,0,10,,1504,170,0,7,0,50,,1505,170,0,7,0,29,,1506,170,0,7,0,10,,1508,170,0,7,0,59,,1509,170,0,7,0,20,,1510,170,0,7,0,19,,1511,170,0,7,0,93,,1512,170,0,7,0,65,,1491,170,0,7,0,30,,1513,170,0,7,0,70,,1495,170,0,7,0,30,,1514,170,0,7,0,70,,1496,170,0,7,0,30,,1515,170,0,7,0,70,,1497,170,0,7,0,30,,1517,170,0,7,0,125,,1501,170,0,7,0,100,,1518,170,0,7,0
40000,'Semaine-01',647,,883,170,,,0,83,,875,170,0,7,0,71,,907,170,,,0,24,,908,170,,,0,25,,869,170,0,6 7,0,60,,876,170,0,7,0,40,,877,170,0,7,0,60,,890,170,0,7,0,33,,870,170,0,6 7,0,60,,899,170,0,7,0,40,,881,170,0,6 7,0,67,,868,170,0,7,0,40,,871,170,0,6 7,0,60,,902,170,0,7,0,41,,872,170,0,6 7,0,59,,903,170,0,7,0,40,,873,170,0,7,0,63,,882,170,0,6 7,0,17,,904,170,0,7,0,70,,905,170,0,7,0,15,,906,170,0,7,0,15,,885,170,0,7,0,15,,886,170,0,7,0,10,,887,170,0,7,0,50,,888,170,0,7,0,29,,889,170,0,7,0,10,,891,170,0,7,0,59,,892,170,0,7,0,20,,893,170,0,7,0,19,,894,170,0,7,0,93,,895,170,0,7,0,65,,874,170,0,7,0,30,,896,170,0,7,0,70,,878,170,0,7,0,30,,897,170,0,7,0,70,,879,170,0,7,0,30,,898,170,0,7,0,70,,880,170,0,7,0,30,,900,170,0,7,0,125,,884,170,0,7,0,100,,901,170,0,7,0
40000,'Week-end-01',753,,909,170,0,7,0,150,,910,170,0,7,0,101,,911,170,0,7,0,101,,912,170,0,7,0,100,,913,170,0,7,0,100,,914,170,0,7,0,99,,915,170,0,7,0,100,,916,170,0,7,0,100,,917,170,0,7,0,102,,918,170,0,7,0,100,,919,170,0,7,0,99,,920,170,0,7,0,100,,921,170,0,7,0,99,,922,170,0,7,0,100,,923,170,0,7,0,99,,924,170,0,7,0,100,,925,170,0,7,0,100,,926,170,0,7,0,100,,927,170,0,7,0
