100,'Fête-1-01',921,,1059,220,,,0,200,,1060,220,,,0,200,,1061,220,,,0,200,,1062,220,,,0,200,,1063,220,,,0,200,,1064,220,,,0,200,,1065,220,,,0,198,,1066,220,,,0
100,'Fête-2-01',709,,1075,220,,,0,100,,1076,220,,,0,97,,1067,220,,,0,100,,1068,220,,,0,100,,1069,220,,,0,121,,1070,220,,,0,100,,1071,220,,,0,100,,1072,220,,,0,93,,1077,220,,,0,100,,1073,220,,,0,95,,1074,220,,,0,106,,1078,220,,,0,101,,1079,220,,,0,195,,1080,220,,,0,198,,1081,220,,,0
100,'Semaine-01',709,,37,220,,,0,100,,38,220,,,0,20,,1084,220,,,0,77,,29,220,,,0,100,,30,220,,,0,100,,31,220,,,0,121,,32,220,,,0,100,,33,220,,,0,100,,34,220,,,0,93,,40,220,,,0,100,,35,220,,,0,95,,36,220,,,0,106,,41,220,,,0,101,,42,220,,,0,195,,43,220,,,0,198,,44,220,,,0
100,'Week-end-01',921,,45,220,,,0,200,,46,220,,,0,200,,47,220,,,0,200,,48,220,,,0,200,,49,220,,,0,200,,50,220,,,0,200,,51,220,,,0,198,,52,220,,,0
101,'Fête-1-01',831,,1085,290,,,0,200,,1086,290,,,0,197,,1087,290,,,0,200,,1088,290,,,0,200,,1089,290,,,0,200,,1090,290,,,0,202,,1091,290,,,0,200,,1092,290,,,0
101,'Fête-2-01',628,,1106,350,,,0,91,,1107,350,,,0,97,,1102,350,,,0,102,,1094,350,,,0,98,,1095,350,,,0,100,,1096,350,,,0,105,,1097,350,,,0,102,,1098,350,,,0,100,,1099,350,,,0,101,,1093,350,,,0,99,,1103,350,,,0,110,,1104,350,,,0,100,,1105,350,,,0,196,,1100,350,,,0,197,,1101,350,,,0
101,'Semaine-01',628,,93,350,,,0,91,,94,350,,,0,97,,88,350,,,0,102,,80,350,,,0,98,,81,350,,,0,100,,82,350,,,0,105,,83,350,,,0,102,,84,350,,,0,100,,85,350,,,0,101,,79,350,,,0,99,,89,350,,,0,85,,1108,350,4,,0,25,,91,350,,,0,100,,92,350,,,0,196,,86,350,,,0,197,,87,350,,,0
101,'Week-end-01',831,,95,290,,,0,200,,96,290,,,0,197,,97,290,,,0,200,,98,290,,,0,200,,99,290,,,0,200,,100,290,,,0,202,,101,290,,,0,200,,102,290,,,0
500,'Fête-2-01',1752,,1128,110,,,0,152,,1129,110,,,0,99,,1130,110,,,0
500,'Semaine-01',1752,,142,110,,,0,153,,143,110,,,0,99,,144,110,,,0
900,'Fête-1-01',631,,1189,510,,,0,123,,1191,510,,,0,200,,1192,510,,,0,200,,1193,510,,,0,200,,1194,510,,,0,200,,1195,510,,,0,200,,1196,510,,,0,200,,1197,510,,,0,200,,1198,510,,,0,198,,1190,510,,,0
900,'Fête-2-01',526,,1200,520,,,0,105,,1211,520,,,0,74,,1208,520,,,0,39,,1212,520,,,0,95,,1213,520,,,0,101,,1201,520,,,0,100,,1202,520,,,0,100,,1214,520,,,0,110,,1203,520,,,0,105,,1215,520,,,0,96,,1204,520,,,0,100,,1199,520,,,0,156,,1210,520,,,0,43,,1209,520,,,0,101,,1216,520,,,0,100,,1205,520,,,0,98,,1206,520,,,0,99,,1217,520,,,0,100,,1218,520,,,0,100,,1207,520,,,0
900,'Semaine-01',526,,292,520,,,0,105,,303,520,,,0,74,,300,520,,,0,39,,304,520,,,0,95,,305,520,,,0,101,,293,520,,,0,100,,294,520,,,0,100,,306,520,,,0,110,,295,520,,,0,105,,307,520,,,0,96,,296,520,,,0,100,,291,520,,,0,156,,302,520,,,0,43,,301,520,,,0,101,,308,520,,,0,100,,297,520,,,0,98,,298,520,,,0,99,,309,520,,,0,100,,310,520,,,0,100,,299,520,,,0
900,'Week-end-01',631,,311,510,,,0,123,,313,510,,,0,200,,314,510,,,0,200,,315,510,,,0,200,,316,510,,,0,200,,317,510,,,0,200,,318,510,,,0,200,,319,510,,,0,200,,320,510,,,0,198,,312,510,,,0
1101,'Fête-1-01',836,,1280,510,,,0,198,,1281,510,,,0,200,,1282,510,,,0,200,,1283,510,,,0,200,,1284,510,,,0,200,,1285,510,,,0,200,,1286,510,,,0,200,,1287,510,,,0
1101,'Fête-2-01',528,,1306,370,,,0,72,,1307,370,,,0,45,,1288,370,,,0,65,,1305,370,,,0,47,,1289,510,,,0,173,,1297,510,,,0,100,,1298,510,,,0,99,,1299,510,,,0,100,,1300,510,,,0,100,,1301,510,,,0,100,,1302,510,,,0,102,,1303,510,,,0,100,,1304,510,,,0,111,,1290,510,,,0,104,,1291,510,,,0,83,,1292,510,,,0,98,,1293,510,,,0,101,,1294,510,,,0,100,,1295,510,,,0,100,,1296,510,,,0
1101,'Semaine-01',528,,485,370,,,0,72,,487,370,,,0,45,,467,370,,,0,65,,484,370,,,0,47,,468,510,,,0,173,,476,510,,,0,100,,477,510,,,0,99,,478,510,,,0,100,,479,510,,,0,100,,480,510,,,0,100,,481,510,,,0,102,,482,510,,,0,100,,483,510,,,0,81,,1308,510,,,0,30,,469,510,,,0,104,,470,510,,,0,83,,471,510,,,0,98,,472,510,,,0,101,,473,510,,,0,100,,474,510,,,0,100,,475,510,,,0
1101,'Week-end-01',836,,488,510,,,0,198,,489,510,,,0,200,,490,510,,,0,200,,491,510,,,0,200,,492,510,,,0,200,,493,510,,,0,200,,494,510,,,0,200,,495,510,,,0
1400,'Fête-1-01',716,,1309,250,,,0,207,,1310,250,,,0,200,,1311,250,,,0,200,,1312,250,,,0,200,,1313,250,,,0,200,,1314,250,,,0,200,,1315,250,,,0,200,,1316,250,,,0,198,,1317,250,,,0
1400,'Fête-2-01',638,,1335,250,,,0,73,,1319,250,,,0,92,,1326,250,,,0,105,,1327,250,,,0,103,,1328,250,,,0,111,,1329,250,,,0,100,,1330,250,,,0,100,,1331,250,,,0,100,,1332,250,,,0,101,,1333,250,,,0,100,,1320,250,,,0,109,,1321,250,,,0,89,,1322,250,,,0,102,,1323,250,,,0,195,,1324,250,,,0,197,,1325,250,,,0,195,,1334,250,,,0
1400,'Semaine-01',638,,539,250,,,0,73,,523,250,,,0,92,,530,250,,,0,105,,531,250,,,0,103,,532,250,,,0,111,,533,250,,,0,100,,534,250,,,0,100,,535,250,,,0,100,,536,250,,,0,101,,537,250,,,0,100,,524,250,,,0,109,,525,250,,,0,89,,526,250,,,0,102,,527,250,,,0,195,,528,250,,,0,197,,529,250,,,0,195,,538,250,,,0
1400,'Week-end-01',716,,540,250,,,0,207,,541,250,,,0,200,,542,250,,,0,200,,543,250,,,0,200,,544,250,,,0,200,,545,250,,,0,200,,546,250,,,0,200,,547,250,,,0,198,,548,250,,,0
1401,'Fête-1-01',628,,1336,420,,,0,207,,1337,420,,,0,200,,1338,420,,,0,198,,1339,420,,,0,200,,1340,420,,,0,197,,1341,420,,,0,200,,1342,420,,,0,205,,1343,420,,,0,200,,1344,420,,,0
1401,'Fête-2-01',626,,1345,420,,,0,88,,1352,420,,,0,105,,1353,420,,,0,105,,1354,420,,,0,100,,1355,420,,,0,100,,1356,420,,,0,99,,1357,420,,,0,100,,1358,420,,,0,100,,1359,420,,,0,101,,1346,420,,,0,100,,1347,420,,,0,103,,1348,420,,,0,102,,1349,420,,,0,195,,1350,420,,,0,203,,1351,420,,,0
1401,'Semaine-01',626,,577,420,,,0,88,,584,420,,,0,38,,1361,420,,,0,67,,585,420,,,0,105,,586,420,,,0,100,,587,420,,,0,100,,588,420,,,0,99,,589,420,,,0,100,,590,420,,,0,100,,591,420,,,0,101,,578,420,,,0,100,,579,420,,,0,103,,580,420,,,0,102,,581,420,,,0,195,,582,420,,,0,203,,583,420,,,0
1401,'Week-end-01',628,,592,420,,,0,207,,593,420,,,0,200,,594,420,,,0,198,,595,420,,,0,200,,596,420,,,0,197,,597,420,,,0,200,,598,420,,,0,205,,599,420,,,0,200,,600,420,,,0
