1101,'Fête-1-01',816,,1280,150,,,0,198,,1281,150,,,0,200,,1282,150,,,0,200,,1283,150,,,0,200,,1284,150,,,0,200,,1285,150,,,0,200,,1286,150,,,0,200,,1287,150,,,0
1101,'Fête-2-01',506,,1306,10,,,0,32,,1307,10,,,0,85,,1288,10,,,0,25,,1305,10,,,0,87,,1289,150,,,0,173,,1297,150,,,0,100,,1298,150,,,0,99,,1299,150,,,0,100,,1300,150,,,0,100,,1301,150,,,0,101,,1302,150,,,0,100,,1303,150,,,0,100,,1304,150,,,0,112,,1290,150,,,0,105,,1291,150,,,0,84,,1292,150,,,0,98,,1293,150,,,0,101,,1294,150,,,0,100,,1295,150,,,0,100,,1296,150,,,0
1101,'Semaine-01',506,,485,10,,,0,32,,487,10,,,0,85,,467,10,,,0,25,,484,10,,,0,87,,468,150,,,0,173,,476,150,,,0,100,,477,150,,,0,99,,478,150,,,0,100,,479,150,,,0,100,,480,150,,,0,101,,481,150,,,0,100,,482,150,,,0,100,,483,150,,,0,42,,1308,150,,,0,70,,469,150,,,0,105,,470,150,,,0,84,,471,150,,,0,98,,472,150,,,0,101,,473,150,,,0,100,,474,150,,,0,100,,475,150,,,0
1101,'Week-end-01',816,,488,150,,,0,198,,489,150,,,0,200,,490,150,,,0,200,,491,150,,,0,200,,492,150,,,0,200,,493,150,,,0,200,,494,150,,,0,200,,495,150,,,0
1401,'Fête-1-01',623,,1336,320,,,0,207,,1337,320,,,0,200,,1338,320,,,0,198,,1339,320,,,0,200,,1340,320,,,0,196,,1341,320,,,0,200,,1342,320,,,0,206,,1343,320,,,0,200,,1344,320,,,0
1401,'Fête-2-01',620,,1345,320,,,0,87,,1352,320,,,0,104,,1353,320,,,0,106,,1354,320,,,0,100,,1355,320,,,0,100,,1356,320,,,0,99,,1357,320,,,0,100,,1358,320,,,0,100,,1359,320,,,0,101,,1346,320,,,0,100,,1347,320,,,0,103,,1348,320,,,0,103,,1349,320,,,0,195,,1350,320,,,0,203,,1351,320,,,0
1401,'Semaine-01',620,,577,320,,,0,87,,584,320,,,0,38,,1361,320,,,0,66,,585,320,,,0,106,,586,320,,,0,100,,587,320,,,0,100,,588,320,,,0,99,,589,320,,,0,100,,590,320,,,0,100,,591,320,,,0,101,,578,320,,,0,100,,579,320,,,0,30,,1360,320,,,0,73,,580,320,,,0,103,,581,320,,,0,195,,582,320,,,0,203,,583,320,,,0
1401,'Week-end-01',623,,592,320,,,0,207,,593,320,,,0,200,,594,320,,,0,198,,595,320,,,0,200,,596,320,,,0,196,,597,320,,,0,200,,598,320,,,0,206,,599,320,,,0,200,,600,320,,,0
10001,'Fête-2-01',500,,1423,420,,,0,111,,1426,420,,,0,37,,1424,420,,,0,71,,1425,420,,,0
10001,'Semaine-01',500,,732,420,,,0,111,,735,420,,,0,20,,1427,10,,,0,17,,733,420,,,0,71,,734,420,,,0,17,,731,10,,,0
