901,'Fête-1-01',855,,1219,520,,,0,200,,1220,520,,,0,198,,1221,520,,,0,200,,1222,520,,,0,199,,1223,520,,,0,200,,1224,520,,,0,201,,1225,520,,,0,199,,1226,520,,,0,198,,1227,520,,,0
901,'Fête-2-01',612,,1229,530,,,0,34,,1228,530,,,0,104,,1230,530,,,0,93,,1241,530,,,0,101,,1232,530,,,0,100,,1233,530,,,0,100,,1242,530,,,0,100,,1234,530,,,0,108,,1243,530,,,0,100,,1235,530,,,0,100,,1236,530,,,0,101,,1231,530,,,0,148,,1244,530,,,0,21,,1245,530,,,0,28,,1246,530,,,0,96,,1237,530,,,0,100,,1238,530,,,0,100,,1247,530,,,0,98,,1248,530,,,0,100,,1239,530,,,0,99,,1240,530,,,0
901,'Semaine-01',612,,352,530,,,0,34,,351,530,,,0,104,,353,530,,,0,93,,364,530,,,0,101,,355,530,,,0,100,,356,530,,,0,100,,365,530,,,0,100,,357,530,,,0,108,,366,530,,,0,100,,358,530,,,0,100,,359,530,,,0,101,,354,530,,,0,148,,367,530,,,0,21,,368,530,,,0,28,,369,530,,,0,96,,360,530,,,0,100,,361,530,,,0,100,,370,530,,,0,98,,371,530,,,0,100,,362,530,,,0,99,,363,530,,,0
901,'Week-end-01',855,,372,520,,,0,200,,373,520,,,0,198,,374,520,,,0,200,,375,520,,,0,199,,376,520,,,0,200,,377,520,,,0,201,,378,520,,,0,199,,379,520,,,0,198,,380,520,,,0
1401,'Fête-1-01',647,,1336,700,,,0,207,,1337,700,,,0,200,,1338,700,,,0,198,,1339,700,,,0,200,,1340,700,,,0,200,,1341,700,,,0,200,,1342,700,,,0,202,,1343,700,,,0,200,,1344,700,,,0
1401,'Fête-2-01',647,,1345,700,,,0,89,,1352,700,,,0,105,,1353,700,,,0,105,,1354,700,,,0,100,,1355,700,,,0,100,,1356,700,,,0,99,,1357,700,,,0,100,,1358,700,,,0,100,,1359,700,,,0,102,,1346,700,,,0,102,,1347,700,,,0,103,,1348,700,,,0,99,,1349,700,,,0,195,,1350,700,,,0,203,,1351,700,,,0
1401,'Semaine-01',647,,577,700,,,0,89,,584,700,,,0,105,,585,700,,,0,105,,586,700,,,0,100,,587,700,,,0,100,,588,700,,,0,99,,589,700,,,0,100,,590,700,,,0,100,,591,700,,,0,102,,578,700,,,0,102,,579,700,,,0,56,,1360,610,,,0,47,,580,700,,,0,99,,581,700,,,0,195,,582,700,,,0,203,,583,700,,,0
1401,'Week-end-01',647,,592,700,,,0,207,,593,700,,,0,200,,594,700,,,0,198,,595,700,,,0,200,,596,700,,,0,200,,597,700,,,0,200,,598,700,,,0,202,,599,700,,,0,200,,600,700,,,0
10001,'Fête-2-01',513,,1423,710,,,0,113,,1426,710,,,0,77,,1424,710,,,0,31,,1425,710,,,0
10001,'Semaine-01',513,,732,710,,,0,113,,735,710,,,0,20,,1427,300,,,0,57,,733,710,,,0,31,,734,710,,,0,17,,731,300,,,0
