101,'Fête-2-01',609,,1106,60,,,0,91,,1107,60,,,0,57,,1102,60,,,0,102,,1094,60,,,0,98,,1095,60,,,0,100,,1096,60,,,0,145,,1097,60,,,0,102,,1098,60,,,0,100,,1099,60,,,0,100,,1093,60,,,0,99,,1103,60,,,0,111,,1104,60,,,0,100,,1105,60,,,0,196,,1100,60,,,0,197,,1101,60,,,0
101,'Semaine-01',609,,93,60,,,0,91,,94,60,,,0,57,,88,60,,,0,102,,80,60,,,0,98,,81,60,,,0,100,,82,60,,,0,145,,83,60,,,0,102,,84,60,,,0,100,,85,60,,,0,100,,79,60,,,0,99,,89,60,,,0,41,,1108,60,4,,0,70,,91,60,,,0,100,,92,60,,,0,196,,86,60,,,0,197,,87,60,,,0
801,'Fête-1-01',820,,1166,60,,,0,200,,1167,60,,,0,196,,1168,60,,,0,200,,1169,60,,,0,200,,1170,60,,,0,200,,1171,60,,,0,202,,1172,60,,,0,200,,1173,60,,,0
801,'Fête-2-01',756,,1180,60,,,0,152,,1181,60,,,0,100,,1182,60,,,0,103,,1183,60,,,0,103,,1184,60,,,0,104,,1185,60,,,0,101,,1186,60,,,0,95,,1174,60,,,0,104,,1175,60,,,0,97,,1176,60,,,0,102,,1177,60,,,0,195,,1178,60,,,0,201,,1179,60,,,0
801,'Semaine-01',756,,245,60,,,0,152,,246,60,,,0,100,,247,60,,,0,103,,248,60,,,0,103,,249,60,,,0,104,,250,60,,,0,101,,251,60,,,0,95,,238,60,,,0,104,,239,60,,,0,29,,1188,70,,,0,68,,241,60,,,0,102,,242,60,,,0,195,,243,60,,,0,201,,244,60,,,0
801,'Week-end-01',820,,253,60,,,0,200,,254,60,,,0,196,,255,60,,,0,200,,256,60,,,0,200,,257,60,,,0,200,,258,60,,,0,202,,259,60,,,0,200,,260,60,,,0
1101,'Fête-1-01',810,,1280,60,,,0,198,,1281,60,,,0,200,,1282,60,,,0,200,,1283,60,,,0,200,,1284,60,,,0,200,,1285,60,,,0,200,,1286,60,,,0,200,,1287,60,,,0
1101,'Fête-2-01',729,,1289,60,,,0,173,,1297,60,,,0,100,,1298,60,,,0,99,,1299,60,,,0,100,,1300,60,,,0,100,,1301,60,,,0,101,,1302,60,,,0,100,,1303,60,,,0,100,,1304,60,,,0,111,,1290,60,,,0,105,,1291,60,,,0,85,,1292,60,,,0,98,,1293,60,,,0,101,,1294,60,,,0,100,,1295,60,,,0,100,,1296,60,,,0
1101,'Semaine-01',729,,468,60,,,0,173,,476,60,,,0,100,,477,60,,,0,99,,478,60,,,0,100,,479,60,,,0,100,,480,60,,,0,101,,481,60,,,0,100,,482,60,,,0,100,,483,60,,,0,41,,1308,60,,,0,70,,469,60,,,0,105,,470,60,,,0,85,,471,60,,,0,98,,472,60,,,0,101,,473,60,,,0,100,,474,60,,,0,100,,475,60,,,0
1101,'Week-end-01',810,,488,60,,,0,198,,489,60,,,0,200,,490,60,,,0,200,,491,60,,,0,200,,492,60,,,0,200,,493,60,,,0,200,,494,60,,,0,200,,495,60,,,0
