100,'Fête-1-01',927,,1059,280,,,0,200,,1060,280,,,0,200,,1061,280,,,0,200,,1062,280,,,0,200,,1063,280,,,0,200,,1064,280,,,0,200,,1065,280,,,0,198,,1066,280,,,0
100,'Fête-2-01',916,,1067,280,,,0,100,,1068,280,,,0,100,,1069,280,,,0,121,,1070,280,,,0,100,,1071,280,,,0,100,,1072,280,,,0,93,,1077,280,,,0,100,,1073,280,,,0,95,,1074,280,,,0,106,,1078,280,,,0,101,,1079,280,,,0,195,,1080,280,,,0,197,,1081,280,,,0
100,'Semaine-01',916,,29,280,,,0,100,,30,280,,,0,100,,31,280,,,0,121,,32,280,,,0,100,,33,280,,,0,100,,34,280,,,0,93,,40,280,,,0,100,,35,280,,,0,95,,36,280,,,0,106,,41,280,,,0,101,,42,280,,,0,195,,43,280,,,0,197,,44,280,,,0
100,'Week-end-01',927,,45,280,,,0,200,,46,280,,,0,200,,47,280,,,0,200,,48,280,,,0,200,,49,280,,,0,200,,50,280,,,0,200,,51,280,,,0,198,,52,280,,,0
101,'Fête-1-01',837,,1085,350,,,0,200,,1086,350,,,0,197,,1087,350,,,0,200,,1088,350,,,0,200,,1089,350,,,0,200,,1090,350,,,0,202,,1091,350,,,0,200,,1092,350,,,0
101,'Fête-2-01',826,,1102,410,,,0,102,,1094,410,,,0,98,,1095,410,,,0,100,,1096,410,,,0,105,,1097,410,,,0,102,,1098,410,,,0,100,,1099,410,,,0,101,,1093,410,,,0
101,'Semaine-01',826,,88,410,,,0,102,,80,410,,,0,98,,81,410,,,0,100,,82,410,,,0,105,,83,410,,,0,102,,84,410,,,0,100,,85,410,,,0,101,,79,410,,,0
101,'Week-end-01',837,,95,350,,,0,200,,96,350,,,0,197,,97,350,,,0,200,,98,350,,,0,200,,99,350,,,0,200,,100,350,,,0,202,,101,350,,,0,200,,102,350,,,0
801,'Fête-1-01',846,,1166,420,,,0,200,,1167,420,,,0,196,,1168,420,,,0,200,,1169,420,,,0,200,,1170,420,,,0,200,,1171,420,,,0,202,,1172,420,,,0,200,,1173,420,,,0
801,'Fête-2-01',634,,1187,300,,,0,189,,1180,420,,,0,112,,1181,420,,,0,100,,1182,420,,,0,103,,1183,420,,,0,103,,1184,420,,,0,104,,1185,420,,,0,101,,1186,420,,,0,97,,1174,420,,,0,103,,1175,420,,,0,97,,1176,420,,,0,102,,1177,420,,,0,194,,1178,420,,,0,200,,1179,420,,,0
801,'Semaine-01',634,,252,300,,,0,189,,245,420,,,0,112,,246,420,,,0,100,,247,420,,,0,103,,248,420,,,0,103,,249,420,,,0,104,,250,420,,,0,101,,251,420,,,0,97,,238,420,,,0,103,,239,420,,,0,69,,1188,430,,,0,28,,241,420,,,0,102,,242,420,,,0,194,,243,420,,,0,200,,244,420,,,0
801,'Week-end-01',846,,253,420,,,0,200,,254,420,,,0,196,,255,420,,,0,200,,256,420,,,0,200,,257,420,,,0,200,,258,420,,,0,202,,259,420,,,0,200,,260,420,,,0
