101,'Fête-1-01',855,,1085,590,,,0,200,,1086,590,,,0,197,,1087,590,,,0,200,,1088,590,,,0,200,,1089,590,,,0,200,,1090,590,,,0,202,,1091,590,,,0,200,,1092,590,,,0
101,'Fête-2-01',649,,1106,610,,,0,91,,1107,610,,,0,103,,1102,650,,,0,102,,1094,650,,,0,100,,1095,650,,,0,100,,1096,650,,,0,105,,1097,650,,,0,103,,1098,650,,,0,100,,1099,650,,,0,101,,1093,650,,,0,93,,1103,610,,,0,108,,1104,610,,,0,100,,1105,610,,,0,194,,1100,610,,,0,196,,1101,610,,,0
101,'Semaine-01',649,,93,610,,,0,91,,94,610,,,0,103,,88,650,,,0,102,,80,650,,,0,100,,81,650,,,0,100,,82,650,,,0,105,,83,650,,,0,103,,84,650,,,0,100,,85,650,,,0,101,,79,650,,,0,93,,89,610,,,0,84,,1109,610,,,0,24,,91,610,,,0,100,,92,610,,,0,194,,86,610,,,0,196,,87,610,,,0
101,'Week-end-01',855,,95,590,,,0,200,,96,590,,,0,197,,97,590,,,0,200,,98,590,,,0,200,,99,590,,,0,200,,100,590,,,0,202,,101,590,,,0,200,,102,590,,,0
901,'Fête-1-01',856,,1219,530,,,0,200,,1220,530,,,0,198,,1221,530,,,0,200,,1222,530,,,0,199,,1223,530,,,0,200,,1224,530,,,0,201,,1225,530,,,0,199,,1226,530,,,0,198,,1227,530,,,0
901,'Fête-2-01',614,,1229,540,,,0,34,,1228,540,,,0,104,,1230,540,,,0,93,,1241,540,,,0,101,,1232,540,,,0,100,,1233,540,,,0,100,,1242,540,,,0,100,,1234,540,,,0,108,,1243,540,,,0,100,,1235,540,,,0,100,,1236,540,,,0,101,,1231,540,,,0,148,,1244,540,,,0,21,,1245,540,,,0,28,,1246,540,,,0,96,,1237,540,,,0,100,,1238,540,,,0,100,,1247,540,,,0,97,,1248,540,,,0,100,,1239,540,,,0,99,,1240,540,,,0
901,'Semaine-01',614,,352,540,,,0,34,,351,540,,,0,104,,353,540,,,0,93,,364,540,,,0,101,,355,540,,,0,100,,356,540,,,0,100,,365,540,,,0,100,,357,540,,,0,108,,366,540,,,0,100,,358,540,,,0,100,,359,540,,,0,101,,354,540,,,0,148,,367,540,,,0,21,,368,540,,,0,28,,369,540,,,0,96,,360,540,,,0,100,,361,540,,,0,100,,370,540,,,0,97,,371,540,,,0,100,,362,540,,,0,99,,363,540,,,0
901,'Week-end-01',856,,372,530,,,0,200,,373,530,,,0,198,,374,530,,,0,200,,375,530,,,0,199,,376,530,,,0,200,,377,530,,,0,201,,378,530,,,0,199,,379,530,,,0,198,,380,530,,,0
1401,'Fête-1-01',648,,1336,710,,,0,207,,1337,710,,,0,200,,1338,710,,,0,198,,1339,710,,,0,200,,1340,710,,,0,200,,1341,710,,,0,200,,1342,710,,,0,202,,1343,710,,,0,200,,1344,710,,,0
1401,'Fête-2-01',648,,1345,710,,,0,90,,1352,710,,,0,105,,1353,710,,,0,105,,1354,710,,,0,100,,1355,710,,,0,100,,1356,710,,,0,99,,1357,710,,,0,100,,1358,710,,,0,100,,1359,710,,,0,103,,1346,710,,,0,102,,1347,710,,,0,103,,1348,710,,,0,98,,1349,710,,,0,195,,1350,710,,,0,203,,1351,710,,,0
1401,'Semaine-01',648,,577,710,,,0,90,,584,710,,,0,105,,585,710,,,0,105,,586,710,,,0,100,,587,710,,,0,100,,588,710,,,0,99,,589,710,,,0,100,,590,710,,,0,100,,591,710,,,0,103,,578,710,,,0,102,,579,710,,,0,56,,1360,620,,,0,47,,580,710,,,0,98,,581,710,,,0,195,,582,710,,,0,203,,583,710,,,0
1401,'Week-end-01',648,,592,710,,,0,207,,593,710,,,0,200,,594,710,,,0,198,,595,710,,,0,200,,596,710,,,0,200,,597,710,,,0,200,,598,710,,,0,202,,599,710,,,0,200,,600,710,,,0
1500,'Fête-1-01',907,,1362,50,,,1,100,,1363,50,,,1,100,,1364,50,,,1,100,,1365,50,,,1,100,,1366,50,,,1,100,,1367,50,,,1,100,,1368,50,,,1,100,,1369,50,,,1,100,,1370,50,,,1,100,,1371,50,,,1,100,,1372,50,,,1,200,,1373,50,,,1,200,,1374,50,,,1
1500,'Fête-2-01',707,,1375,50,,,1,51,,1382,50,,,1,99,,1383,50,,,1,100,,1384,50,,,1,100,,1385,50,,,1,148,,1386,50,,,1,95,,1387,50,,,1,100,,1388,50,,,1,100,,1389,50,,,1,107,,1376,50,,,1,105,,1377,50,,,1,98,,1378,50,,,1,102,,1379,50,,,1,194,,1380,50,,,1,202,,1381,50,,,1
1500,'Semaine-01',707,,629,50,,,1,51,,636,50,,,1,99,,637,50,,,1,100,,638,50,,,1,100,,639,50,,,1,148,,640,50,,,1,95,,641,50,,,1,100,,642,50,,,1,100,,643,50,,,1,107,,630,50,,,1,105,,631,50,,,1,98,,632,50,,,1,102,,633,50,,,1,194,,634,50,,,1,202,,635,50,,,1
1500,'Week-end-01',907,,644,50,,,1,100,,645,50,,,1,100,,646,50,,,1,100,,647,50,,,1,100,,648,50,,,1,100,,649,50,,,1,100,,650,50,,,1,100,,651,50,,,1,100,,652,50,,,1,100,,653,50,,,1,100,,654,50,,,1,200,,655,50,,,1,200,,656,50,,,1
10001,'Fête-2-01',514,,1423,720,,,0,112,,1426,720,,,0,77,,1424,720,,,0,31,,1425,720,,,0
10001,'Semaine-01',514,,732,720,,,0,112,,735,720,,,0,20,,1427,310,,,0,57,,733,720,,,0,31,,734,720,,,0,17,,731,310,,,0
