100,'Fête-1-01',912,,1059,30,,,0,200,,1060,30,,,0,200,,1061,30,,,0,200,,1062,30,,,0,200,,1063,30,,,0,200,,1064,30,,,0,200,,1065,30,,,0,198,,1066,30,,,0
100,'Semaine-01',659,,37,30,,,0,100,,38,30,,,0,97,,29,30,,,0,100,,30,30,,,0,100,,31,30,,,0,161,,32,30,,,0,100,,33,30,,,0,100,,34,30,,,0,93,,40,30,,,0,100,,35,30,,,0,95,,36,30,,,0,106,,41,30,,,0,101,,42,30,,,0,195,,43,30,,,0,199,,44,30,,,0
100,'Week-end-01',912,,45,30,,,0,200,,46,30,,,0,200,,47,30,,,0,200,,48,30,,,0,200,,49,30,,,0,200,,50,30,,,0,200,,51,30,,,0,198,,52,30,,,0
900,'Fête-1-01',548,,1091,30,,,0,163,,1093,30,,,0,200,,1094,30,,,0,200,,1095,30,,,0,200,,1096,30,,,0,200,,1097,30,,,0,200,,1098,30,,,0,200,,1099,30,,,0,200,,1100,30,,,0,198,,1092,30,,,0
900,'Semaine-01',446,,292,30,,,0,105,,303,30,,,0,74,,300,30,,,0,76,,304,30,,,0,55,,305,30,,,0,101,,293,30,,,0,100,,294,30,,,0,99,,306,30,,,0,150,,295,30,,,0,104,,307,30,,,0,96,,296,30,,,0,100,,291,30,,,0,114,,302,30,,,0,85,,301,30,,,0,104,,308,30,,,0,100,,297,30,,,0,98,,298,30,,,0,100,,309,30,,,0,100,,310,30,,,0,100,,299,30,,,0
900,'Week-end-01',548,,311,30,,,0,163,,313,30,,,0,200,,314,30,,,0,200,,315,30,,,0,200,,316,30,,,0,200,,317,30,,,0,200,,318,30,,,0,200,,319,30,,,0,200,,320,30,,,0,198,,312,30,,,0
1400,'Fête-1-01',704,,1126,30,,,0,207,,1127,30,,,0,200,,1128,30,,,0,200,,1129,30,,,0,200,,1130,30,,,0,200,,1131,30,,,0,200,,1132,30,,,0,200,,1133,30,,,0,198,,1134,30,,,0,200,,1135,30,,,0
1400,'Semaine-01',626,,539,30,,,0,33,,523,30,,,0,92,,530,30,,,0,105,,531,30,,,0,103,,532,30,,,0,151,,533,30,,,0,100,,534,30,,,0,100,,535,30,,,0,100,,536,30,,,0,100,,537,30,,,0,100,,524,30,,,0,110,,525,30,,,0,90,,526,30,,,0,102,,527,30,,,0,195,,528,30,,,0,198,,529,30,,,0,195,,538,30,,,0
1400,'Week-end-01',704,,540,30,,,0,207,,541,30,,,0,200,,542,30,,,0,200,,543,30,,,0,200,,544,30,,,0,200,,545,30,,,0,200,,546,30,,,0,200,,547,30,,,0,198,,548,30,,,0,200,,549,30,,,0
1500,'Fête-1-01',906,,1145,30,,,1,100,,1146,30,,,1,100,,1147,30,,,1,100,,1148,30,,,1,100,,1149,30,,,1,100,,1150,30,,,1,100,,1151,30,,,1,100,,1152,30,,,1,100,,1153,30,,,1,100,,1154,30,,,1,100,,1155,30,,,1,200,,1156,30,,,1,200,,1157,30,,,1
1500,'Semaine-01',706,,629,30,,,1,51,,636,30,,,1,99,,637,30,,,1,100,,638,30,,,1,100,,639,30,,,1,148,,640,30,,,1,55,,641,30,,,1,100,,642,30,,,1,100,,643,30,,,1,147,,630,30,,,1,105,,631,30,,,1,98,,632,30,,,1,102,,633,30,,,1,194,,634,30,,,1,202,,635,30,,,1
1500,'Week-end-01',906,,644,30,,,1,100,,645,30,,,1,100,,646,30,,,1,100,,647,30,,,1,100,,648,30,,,1,100,,649,30,,,1,100,,650,30,,,1,100,,651,30,,,1,100,,652,30,,,1,100,,653,30,,,1,100,,654,30,,,1,200,,655,30,,,1,200,,656,30,,,1
