100,'Fête-2-01',741,,1075,590,,,0,101,,1076,590,,,0,103,,1067,630,,,0,100,,1068,630,,,0,100,,1069,630,,,0,161,,1070,630,,,0,101,,1071,630,,,0,100,,1072,630,,,0,93,,1077,630,,,0,101,,1073,630,,,0,54,,1074,630,,,0,146,,1078,630,,,0,101,,1079,630,,,0,155,,1080,630,,,0,197,,1081,630,,,0
100,'Semaine-01',741,,1083,350,,,0,101,,38,590,,,0,60,,1082,350,,,0,43,,29,630,,,0,100,,30,630,,,0,100,,31,630,,,0,161,,32,630,,,0,101,,33,630,,,0,100,,34,630,,,0,93,,40,630,,,0,101,,35,630,,,0,54,,36,630,,,0,146,,41,630,,,0,101,,42,630,,,0,155,,43,630,,,0,197,,44,630,,,0
200,'Fête-2-01',1030,,1117,110,0,8,0,174,,1111,110,,,0,309,,1118,110,0,8,0,131,,1112,110,,,0,177,,1113,110,,,0
200,'Semaine-01',1030,,119,110,0,8,0,174,,113,110,,,0,309,,120,110,0,8,0,131,,114,110,,,0,177,,115,110,,,0
600,'Fête-2-01',539,,1136,280,,,0,109,,1134,280,,,0,207,,1135,280,,,0
600,'Semaine-01',539,,156,280,,,0,109,,154,280,,,0,207,,155,280,,,0
800,'Fête-1-01',946,,1141,530,,,0,201,,1142,530,,,0,200,,1143,530,,,0,200,,1144,530,,,0,201,,1145,530,,,0,197,,1146,530,,,0,199,,1147,530,,,0,198,,1148,530,,,0
800,'Fête-2-01',710,,1149,530,,,0,111,,1150,530,,,0,114,,1159,530,,,0,99,,1160,530,,,0,100,,1151,530,,,0,105,,1152,530,,,0,98,,1161,530,,,0,105,,1162,530,,,0,106,,1163,530,,,0,102,,1153,530,,,0,91,,1154,530,,,0,111,,1155,530,,,0,92,,1156,530,,,0,194,,1157,530,,,0,197,,1158,530,,,0
800,'Semaine-01',710,,191,530,,,0,33,,1164,360,,,0,78,,192,530,,,0,79,,1165,530,,,0,35,,201,530,,,0,99,,202,530,,,0,100,,193,530,,,0,105,,194,530,,,0,98,,203,530,,,0,105,,204,530,,,0,106,,205,530,,,0,102,,195,530,,,0,91,,196,530,,,0,111,,197,530,,,0,92,,198,530,,,0,194,,199,530,,,0,197,,200,530,,,0
800,'Week-end-01',946,,207,530,,,0,201,,208,530,,,0,200,,209,530,,,0,200,,210,530,,,0,201,,211,530,,,0,197,,212,530,,,0,199,,213,530,,,0,198,,214,530,,,0
1100,'Fête-1-01',952,,1249,510,,,0,200,,1250,510,,,0,200,,1251,510,,,0,200,,1252,510,,,0,200,,1253,510,,,0,200,,1254,510,,,0,200,,1255,510,,,0,198,,1256,510,,,0
1100,'Fête-2-01',641,,1275,510,,,0,102,,1258,510,,,0,104,,1266,510,,,0,77,,1267,510,,,0,98,,1268,510,,,0,112,,1269,510,,,0,100,,1270,510,,,0,88,,1271,510,,,0,100,,1272,510,,,0,100,,1273,510,,,0,100,,1259,510,,,0,114,,1260,510,,,0,95,,1274,510,,,0,97,,1257,510,,,0,100,,1261,510,,,0,93,,1262,510,,,0,100,,1263,510,,,0,100,,1264,510,,,0,98,,1265,510,,,0
1100,'Semaine-01',641,,430,510,,,0,102,,411,510,,,0,101,,1277,370,,,0,3,,420,510,,,0,77,,421,510,,,0,98,,422,510,,,0,112,,423,510,,,0,100,,424,510,,,0,88,,425,510,,,0,100,,426,510,,,0,100,,427,510,,,0,100,,412,510,,,0,34,,1276,510,,,0,80,,413,510,,,0,65,,1278,510,,,0,30,,428,510,,,0,18,,1279,510,,,0,79,,408,510,,,0,100,,415,510,,,0,93,,416,510,,,0,100,,417,510,,,0,100,,418,510,,,0,98,,419,510,,,0
1100,'Week-end-01',952,,431,510,,,0,200,,432,510,,,0,200,,433,510,,,0,200,,434,510,,,0,200,,435,510,,,0,200,,436,510,,,0,200,,437,510,,,0,198,,438,510,,,0
1400,'Fête-1-01',741,,1309,530,,,0,207,,1310,530,,,0,200,,1311,530,,,0,200,,1312,530,,,0,200,,1313,530,,,0,200,,1314,530,,,0,200,,1315,530,,,0,200,,1316,530,,,0,198,,1317,530,,,0,187,,1318,440,,,0
1400,'Fête-2-01',659,,1335,530,,,0,73,,1319,530,,,0,94,,1326,530,,,0,104,,1327,530,,,0,103,,1328,530,,,0,111,,1329,530,,,0,100,,1330,530,,,0,101,,1331,530,,,0,100,,1332,530,,,0,103,,1333,530,,,0,101,,1320,530,,,0,107,,1321,530,,,0,86,,1322,530,,,0,102,,1323,530,,,0,193,,1324,530,,,0,196,,1325,530,,,0,194,,1334,530,,,0
1400,'Semaine-01',659,,539,530,,,0,73,,523,530,,,0,94,,530,530,,,0,104,,531,530,,,0,103,,532,530,,,0,111,,533,530,,,0,100,,534,530,,,0,101,,535,530,,,0,100,,536,530,,,0,103,,537,530,,,0,101,,524,530,,,0,107,,525,530,,,0,86,,526,530,,,0,102,,527,530,,,0,193,,528,530,,,0,196,,529,530,,,0,194,,538,530,,,0
1400,'Week-end-01',741,,540,530,,,0,207,,541,530,,,0,200,,542,530,,,0,200,,543,530,,,0,200,,544,530,,,0,200,,545,530,,,0,200,,546,530,,,0,200,,547,530,,,0,198,,548,530,,,0,187,,549,440,,,0
10000,'Fête-2-01',1659,,1418,580,,,0,70,,1419,580,,,0,25,,1422,580,,,0,85,,1420,580,,,0,84,,1421,580,,,0
10000,'Semaine-01',1659,,719,580,,,0,70,,720,580,,,0,25,,724,580,,,0,85,,722,580,,,0,84,,723,580,,,0
40000,'Semaine-01',729,,883,580,,,0,116,,907,580,,,0,64,,908,580,,,0
