1101,'Fête-1-01',813,,1280,110,,,0,198,,1281,110,,,0,200,,1282,110,,,0,200,,1283,110,,,0,200,,1284,110,,,0,200,,1285,110,,,0,200,,1286,110,,,0,200,,1287,110,,,0
1101,'Fête-2-01',732,,1289,110,,,0,173,,1297,110,,,0,100,,1298,110,,,0,99,,1299,110,,,0,100,,1300,110,,,0,100,,1301,110,,,0,101,,1302,110,,,0,100,,1303,110,,,0,100,,1304,110,,,0,112,,1290,110,,,0,105,,1291,110,,,0,84,,1292,110,,,0,98,,1293,110,,,0,101,,1294,110,,,0,100,,1295,110,,,0,100,,1296,110,,,0
1101,'Semaine-01',732,,468,110,,,0,173,,476,110,,,0,100,,477,110,,,0,99,,478,110,,,0,100,,479,110,,,0,100,,480,110,,,0,101,,481,110,,,0,100,,482,110,,,0,100,,483,110,,,0,42,,1308,110,,,0,70,,469,110,,,0,105,,470,110,,,0,84,,471,110,,,0,98,,472,110,,,0,101,,473,110,,,0,100,,474,110,,,0,100,,475,110,,,0
1101,'Week-end-01',813,,488,110,,,0,198,,489,110,,,0,200,,490,110,,,0,200,,491,110,,,0,200,,492,110,,,0,200,,493,110,,,0,200,,494,110,,,0,200,,495,110,,,0
1401,'Fête-1-01',619,,1336,280,,,0,207,,1337,280,,,0,200,,1338,280,,,0,198,,1339,280,,,0,200,,1340,280,,,0,196,,1341,280,,,0,200,,1342,280,,,0,206,,1343,280,,,0,200,,1344,280,,,0
1401,'Fête-2-01',618,,1345,280,,,0,87,,1352,280,,,0,104,,1353,280,,,0,106,,1354,280,,,0,100,,1355,280,,,0,100,,1356,280,,,0,99,,1357,280,,,0,100,,1358,280,,,0,100,,1359,280,,,0,101,,1346,280,,,0,100,,1347,280,,,0,103,,1348,280,,,0,103,,1349,280,,,0,195,,1350,280,,,0,203,,1351,280,,,0
1401,'Semaine-01',618,,577,280,,,0,87,,584,280,,,0,38,,1361,280,,,0,66,,585,280,,,0,106,,586,280,,,0,100,,587,280,,,0,100,,588,280,,,0,99,,589,280,,,0,100,,590,280,,,0,100,,591,280,,,0,101,,578,280,,,0,100,,579,280,,,0,30,,1360,280,,,0,73,,580,280,,,0,103,,581,280,,,0,195,,582,280,,,0,203,,583,280,,,0
1401,'Week-end-01',619,,592,280,,,0,207,,593,280,,,0,200,,594,280,,,0,198,,595,280,,,0,200,,596,280,,,0,196,,597,280,,,0,200,,598,280,,,0,206,,599,280,,,0,200,,600,280,,,0
10001,'Fête-2-01',458,,1423,380,,,0,151,,1426,380,,,0,37,,1424,380,,,0,71,,1425,380,,,0
10001,'Semaine-01',458,,732,380,,,0,151,,735,380,,,0,37,,733,380,,,0,71,,734,380,,,0
