500,'Semaine-01',1750,,142,100,,,0,155,,143,100,,,0,99,,144,100,,,0
900,'Fête-1-01',631,,1091,500,,,0,123,,1093,500,,,0,200,,1094,500,,,0,200,,1095,500,,,0,200,,1096,500,,,0,200,,1097,500,,,0,200,,1098,500,,,0,200,,1099,500,,,0,200,,1100,500,,,0,198,,1092,500,,,0
900,'Semaine-01',526,,292,510,,,0,105,,303,510,,,0,74,,300,510,,,0,39,,304,510,,,0,95,,305,510,,,0,101,,293,510,,,0,100,,294,510,,,0,100,,306,510,,,0,110,,295,510,,,0,105,,307,510,,,0,96,,296,510,,,0,100,,291,510,,,0,156,,302,510,,,0,43,,301,510,,,0,101,,308,510,,,0,100,,297,510,,,0,98,,298,510,,,0,99,,309,510,,,0,100,,310,510,,,0,100,,299,510,,,0
900,'Week-end-01',631,,311,500,,,0,123,,313,500,,,0,200,,314,500,,,0,200,,315,500,,,0,200,,316,500,,,0,200,,317,500,,,0,200,,318,500,,,0,200,,319,500,,,0,200,,320,500,,,0,198,,312,500,,,0
1101,'Fête-1-01',836,,1118,500,,,0,198,,1119,500,,,0,200,,1120,500,,,0,200,,1121,500,,,0,200,,1122,500,,,0,200,,1123,500,,,0,200,,1124,500,,,0,200,,1125,500,,,0
1101,'Semaine-01',524,,485,360,,,0,76,,487,360,,,0,45,,467,360,,,0,66,,484,360,,,0,46,,468,500,,,0,173,,476,500,,,0,100,,477,500,,,0,99,,478,500,,,0,100,,479,500,,,0,100,,480,500,,,0,100,,481,500,,,0,102,,482,500,,,0,100,,483,500,,,0,115,,469,500,,,0,100,,470,500,,,0,83,,471,500,,,0,98,,472,500,,,0,101,,473,500,,,0,100,,474,500,,,0,100,,475,500,,,0
1101,'Week-end-01',836,,488,500,,,0,198,,489,500,,,0,200,,490,500,,,0,200,,491,500,,,0,200,,492,500,,,0,200,,493,500,,,0,200,,494,500,,,0,200,,495,500,,,0
1400,'Fête-1-01',716,,1126,240,,,0,207,,1127,240,,,0,200,,1128,240,,,0,200,,1129,240,,,0,200,,1130,240,,,0,200,,1131,240,,,0,200,,1132,240,,,0,200,,1133,240,,,0,198,,1134,240,,,0
1400,'Semaine-01',638,,539,240,,,0,73,,523,240,,,0,92,,530,240,,,0,105,,531,240,,,0,103,,532,240,,,0,111,,533,240,,,0,100,,534,240,,,0,100,,535,240,,,0,100,,536,240,,,0,100,,537,240,,,0,100,,524,240,,,0,110,,525,240,,,0,89,,526,240,,,0,102,,527,240,,,0,194,,528,240,,,0,198,,529,240,,,0,195,,538,240,,,0
1400,'Week-end-01',716,,540,240,,,0,207,,541,240,,,0,200,,542,240,,,0,200,,543,240,,,0,200,,544,240,,,0,200,,545,240,,,0,200,,546,240,,,0,200,,547,240,,,0,198,,548,240,,,0
1401,'Fête-1-01',628,,1136,410,,,0,207,,1137,410,,,0,200,,1138,410,,,0,198,,1139,410,,,0,200,,1140,410,,,0,197,,1141,410,,,0,200,,1142,410,,,0,205,,1143,410,,,0,200,,1144,410,,,0
1401,'Semaine-01',626,,577,410,,,0,88,,584,410,,,0,105,,585,410,,,0,105,,586,410,,,0,100,,587,410,,,0,100,,588,410,,,0,99,,589,410,,,0,100,,590,410,,,0,100,,591,410,,,0,101,,578,410,,,0,100,,579,410,,,0,103,,580,410,,,0,102,,581,410,,,0,195,,582,410,,,0,203,,583,410,,,0
1401,'Week-end-01',628,,592,410,,,0,207,,593,410,,,0,200,,594,410,,,0,198,,595,410,,,0,200,,596,410,,,0,197,,597,410,,,0,200,,598,410,,,0,205,,599,410,,,0,200,,600,410,,,0
