201,'Fête-2-01',744,,1121,310,,,0,156,,1119,310,,,0,205,,1124,180,,,0,207,,1122,310,,,0,239,,1125,180,,,0,249,,1123,310,,,0,123,,1120,310,,,0
201,'Semaine-01',744,,132,310,,,0,156,,130,310,,,0,205,,135,180,,,0,207,,133,310,,,0,239,,136,180,,,0,249,,134,310,,,0,123,,131,310,,,0
601,'Fête-2-01',1714,,1137,40,0,9,0,40,,1138,40,0,9,0,86,,1139,40,0,7,0,89,,1140,40,0,7,0
601,'Semaine-01',1714,,161,40,0,9,0,40,,162,40,0,9,0,86,,163,40,0,7,0,89,,164,40,0,7,0
1401,'Fête-1-01',613,,1336,210,,,0,207,,1337,210,,,0,200,,1338,210,,,0,198,,1339,210,,,0,200,,1340,210,,,0,196,,1341,210,,,0,200,,1342,210,,,0,206,,1343,210,,,0,200,,1344,210,,,0
1401,'Fête-2-01',612,,1345,210,,,0,47,,1352,210,,,0,144,,1353,210,,,0,106,,1354,210,,,0,100,,1355,210,,,0,99,,1356,210,,,0,99,,1357,210,,,0,100,,1358,210,,,0,100,,1359,210,,,0,101,,1346,210,,,0,100,,1347,210,,,0,103,,1348,210,,,0,104,,1349,210,,,0,195,,1350,210,,,0,203,,1351,210,,,0
1401,'Semaine-01',612,,577,210,,,0,47,,584,210,,,0,78,,1361,210,,,0,66,,585,210,,,0,106,,586,210,,,0,100,,587,210,,,0,99,,588,210,,,0,99,,589,210,,,0,100,,590,210,,,0,100,,591,210,,,0,101,,578,210,,,0,100,,579,210,,,0,30,,1360,210,,,0,73,,580,210,,,0,104,,581,210,,,0,195,,582,210,,,0,203,,583,210,,,0
1401,'Week-end-01',613,,592,210,,,0,207,,593,210,,,0,200,,594,210,,,0,198,,595,210,,,0,200,,596,210,,,0,196,,597,210,,,0,200,,598,210,,,0,206,,599,210,,,0,200,,600,210,,,0
10001,'Fête-2-01',452,,1423,310,,,0,151,,1426,310,,,0,37,,1424,310,,,0,71,,1425,310,,,0
10001,'Semaine-01',452,,732,310,,,0,151,,735,310,,,0,37,,733,310,,,0,71,,734,310,,,0
40001,'Fête-2-01',1643,,1590,40,,,0,65,,1562,40,,,0,109,,1563,40,,,0
40001,'Semaine-01',1643,,1039,40,,,0,65,,1011,40,,,0,109,,1012,40,,,0
