1500,'Fête-1-01',918,,1362,220,,,1,100,,1363,220,,,1,100,,1364,220,,,1,100,,1365,220,,,1,102,,1366,220,,,1,100,,1367,220,,,1,100,,1368,220,,,1,100,,1369,220,,,1,100,,1370,220,,,1,99,,1371,220,,,1,100,,1372,220,,,1,198,,1373,220,,,1,200,,1374,220,,,1
1500,'Fête-2-01',716,,1375,220,,,1,91,,1382,220,,,1,99,,1383,220,,,1,100,,1384,220,,,1,100,,1385,220,,,1,108,,1386,220,,,1,96,,1387,220,,,1,100,,1388,220,,,1,100,,1389,220,,,1,107,,1376,220,,,1,104,,1377,220,,,1,97,,1378,220,,,1,102,,1379,220,,,1,194,,1380,220,,,1,202,,1381,220,,,1
1500,'Semaine-01',716,,629,220,,,1,91,,636,220,,,1,99,,637,220,,,1,100,,638,220,,,1,100,,639,220,,,1,108,,640,220,,,1,96,,641,220,,,1,100,,642,220,,,1,100,,643,220,,,1,107,,630,220,,,1,104,,631,220,,,1,97,,632,220,,,1,102,,633,220,,,1,194,,634,220,,,1,202,,635,220,,,1
1500,'Week-end-01',918,,644,220,,,1,100,,645,220,,,1,100,,646,220,,,1,100,,647,220,,,1,102,,648,220,,,1,100,,649,220,,,1,100,,650,220,,,1,100,,651,220,,,1,100,,652,220,,,1,99,,653,220,,,1,100,,654,220,,,1,198,,655,220,,,1,200,,656,220,,,1
1501,'Fête-1-01',842,,1390,260,,,1,100,,1391,260,,,1,100,,1392,260,,,1,100,,1393,260,,,1,100,,1394,260,,,1,100,,1395,260,,,1,98,,1396,260,,,1,100,,1397,260,,,1,100,,1398,260,,,1,100,,1399,260,,,1,100,,1400,260,,,1,202,,1401,260,,,1,200,,1402,260,,,1
1501,'Fête-2-01',640,,1403,260,,,1,95,,1410,260,,,1,98,,1411,260,,,1,98,,1412,260,,,1,100,,1413,260,,,1,105,,1414,260,,,1,101,,1415,260,,,1,100,,1416,260,,,1,100,,1417,260,,,1,99,,1404,260,,,1,101,,1405,260,,,1,105,,1406,260,,,1,91,,1407,260,,,1,205,,1408,260,,,1,198,,1409,260,,,1
1501,'Semaine-01',640,,685,260,,,1,95,,692,260,,,1,98,,693,260,,,1,98,,694,260,,,1,100,,695,260,,,1,105,,696,260,,,1,101,,697,260,,,1,100,,698,260,,,1,100,,699,260,,,1,99,,686,260,,,1,101,,687,260,,,1,105,,688,260,,,1,91,,689,260,,,1,205,,690,260,,,1,198,,691,260,,,1
1501,'Week-end-01',842,,700,260,,,1,100,,701,260,,,1,100,,702,260,,,1,100,,703,260,,,1,100,,704,260,,,1,100,,705,260,,,1,98,,706,260,,,1,100,,707,260,,,1,100,,708,260,,,1,100,,709,260,,,1,100,,710,260,,,1,202,,711,260,,,1,200,,712,260,,,1
30000,'Fête-2-01',626,,1451,270,,,0,198,,1452,270,,,0,383,,1453,270,,,0,398,,1454,270,,,0,120,,1455,270,,,0,96,,1456,270,,,0,92,,1457,270,,,0,492,,1458,270,,,0
30000,'Semaine-01',626,,786,270,,,0,198,,787,270,,,0,383,,788,270,,,0,398,,789,270,,,0,120,,790,270,,,0,96,,791,270,,,0,92,,792,270,,,0,492,,793,270,,,0
30001,'Fête-2-01',448,,1465,170,,,0,65,,1459,170,,,0,35,,1460,170,,,0,70,,1463,170,,,0,20,,1461,170,,,0,75,,1464,170,,,0,30,,1462,170,,,0
30001,'Semaine-01',448,,807,170,,,0,65,,801,170,,,0,35,,802,170,,,0,70,,805,170,,,0,20,,803,170,,,0,75,,806,170,,,0,30,,804,170,,,0
40000,'Fête-1-01',801,,1466,290,0,7,0,110,,1467,290,0,7,0,101,,1468,290,0,7,0,101,,1469,290,0,7,0,100,,1470,290,0,7,0,100,,1471,290,0,7,0,100,,1472,290,0,7,0,100,,1473,290,0,7,0,100,,1474,290,0,7,0,102,,1475,290,0,7,0,100,,1476,290,0,7,0,99,,1477,290,0,7,0,100,,1478,290,0,7,0,98,,1479,290,0,7,0,100,,1480,290,0,7,0,99,,1481,290,0,7,0,100,,1482,290,0,7,0,100,,1483,290,0,7,0,100,,1484,290,0,7,0
40000,'Fête-2-01',657,,1500,290,,,0,83,,1492,290,0,7,0,71,,1524,290,,,0,24,,1525,290,,,0,65,,1486,290,0,6 7,0,20,,1493,290,0,7,0,80,,1494,290,0,7,0,20,,1507,290,0,7,0,33,,1487,290,0,6 7,0,60,,1516,290,0,7,0,40,,1498,290,0,6 7,0,67,,1485,290,0,7,0,80,,1488,290,0,6 7,0,20,,1519,290,0,7,0,81,,1489,290,0,6 7,0,19,,1520,290,0,7,0,80,,1490,290,0,7,0,23,,1499,290,0,6 7,0,17,,1521,290,0,7,0,70,,1522,290,0,7,0,15,,1523,290,0,7,0,15,,1502,290,0,7,0,15,,1503,290,0,7,0,50,,1504,290,0,7,0,10,,1505,290,0,7,0,29,,1506,290,0,7,0,10,,1508,290,0,7,0,58,,1509,290,0,7,0,20,,1510,290,0,7,0,19,,1511,290,0,7,0,93,,1512,290,0,7,0,65,,1491,290,0,7,0,30,,1513,290,0,7,0,70,,1495,290,0,7,0,30,,1514,290,0,7,0,70,,1496,290,0,7,0,30,,1515,290,0,7,0,70,,1497,290,0,7,0,30,,1517,290,0,7,0,165,,1501,290,0,7,0,100,,1518,290,0,7,0
40000,'Semaine-01',657,,883,290,,,0,83,,875,290,0,7,0,71,,907,290,,,0,24,,908,290,,,0,65,,869,290,0,6 7,0,20,,876,290,0,7,0,80,,877,290,0,7,0,20,,890,290,0,7,0,33,,870,290,0,6 7,0,60,,899,290,0,7,0,40,,881,290,0,6 7,0,67,,868,290,0,7,0,80,,871,290,0,6 7,0,20,,902,290,0,7,0,81,,872,290,0,6 7,0,19,,903,290,0,7,0,80,,873,290,0,7,0,23,,882,290,0,6 7,0,17,,904,290,0,7,0,70,,905,290,0,7,0,15,,906,290,0,7,0,15,,885,290,0,7,0,15,,886,290,0,7,0,50,,887,290,0,7,0,10,,888,290,0,7,0,29,,889,290,0,7,0,10,,891,290,0,7,0,58,,892,290,0,7,0,20,,893,290,0,7,0,19,,894,290,0,7,0,93,,895,290,0,7,0,65,,874,290,0,7,0,30,,896,290,0,7,0,70,,878,290,0,7,0,30,,897,290,0,7,0,70,,879,290,0,7,0,30,,898,290,0,7,0,70,,880,290,0,7,0,30,,900,290,0,7,0,165,,884,290,0,7,0,100,,901,290,0,7,0
40000,'Week-end-01',801,,909,290,0,7,0,110,,910,290,0,7,0,101,,911,290,0,7,0,101,,912,290,0,7,0,100,,913,290,0,7,0,100,,914,290,0,7,0,100,,915,290,0,7,0,100,,916,290,0,7,0,100,,917,290,0,7,0,102,,918,290,0,7,0,100,,919,290,0,7,0,99,,920,290,0,7,0,100,,921,290,0,7,0,98,,922,290,0,7,0,100,,923,290,0,7,0,99,,924,290,0,7,0,100,,925,290,0,7,0,100,,926,290,0,7,0,100,,927,290,0,7,0
40001,'Fête-1-01',640,,1526,170,,,0,109,,1527,170,,,0,100,,1528,170,,,0,100,,1529,170,,,0,100,,1530,170,,,0,100,,1531,170,,,0,100,,1532,170,,,0,98,,1533,170,,,0,98,,1534,170,,,0,100,,1535,170,,,0,100,,1536,170,,,0,100,,1537,170,,,0,100,,1538,170,,,0,101,,1539,170,,,0,100,,1540,170,,,0,100,,1541,170,,,0,101,,1542,170,,,0,101,,1543,170,,,0,100,,1544,170,,,0
40001,'Fête-2-01',435,,1587,170,,,0,23,,1588,170,,,0,70,,1581,170,,,0,30,,1583,170,,,0,50,,1584,170,,,0,20,,1564,170,,,0,20,,1585,170,,,0,55,,1586,170,,,0,30,,1576,170,,,0,70,,1577,170,,,0,10,,1582,170,,,0,30,,1578,170,,,0,100,,1579,170,,,0,77,,1551,170,,,0,23,,1580,170,,,0,100,,1565,170,,,0,78,,1545,170,,,0,22,,1566,170,,,0,105,,1567,170,,,0,100,,1568,170,,,0,60,,1553,170,,,0,40,,1569,170,,,0,101,,1589,170,,,0,66,,1590,290,,,0,27,,1562,290,,,0,71,,1552,170,,,0,25,,1563,290,,,0,72,,1549,170,,,0,31,,1570,170,,,0,100,,1571,170,,,0,102,,1572,170,,,0,96,,1573,170,,,0,100,,1574,170,,,0,104,,1575,170,,,0
40001,'Semaine-01',435,,1036,170,,,0,23,,1037,170,,,0,70,,1030,170,,,0,30,,1032,170,,,0,50,,1033,170,,,0,20,,1013,170,,,0,20,,1034,170,,,0,55,,1035,170,,,0,30,,1025,170,,,0,70,,1026,170,,,0,10,,1031,170,,,0,30,,1027,170,,,0,100,,1028,170,,,0,77,,999,170,,,0,23,,1029,170,,,0,100,,1014,170,,,0,78,,993,170,,,0,22,,1015,170,,,0,105,,1016,170,,,0,100,,1017,170,,,0,60,,1001,170,,,0,40,,1018,170,,,0,101,,1038,170,,,0,66,,1039,290,,,0,27,,1011,290,,,0,71,,1000,170,,,0,25,,1012,290,,,0,72,,997,170,,,0,31,,1019,170,,,0,100,,1020,170,,,0,102,,1021,170,,,0,96,,1022,170,,,0,100,,1023,170,,,0,104,,1024,170,,,0
40001,'Week-end-01',640,,1040,170,,,0,109,,1041,170,,,0,100,,1042,170,,,0,100,,1043,170,,,0,100,,1044,170,,,0,100,,1045,170,,,0,100,,1046,170,,,0,98,,1047,170,,,0,98,,1048,170,,,0,100,,1049,170,,,0,100,,1050,170,,,0,100,,1051,170,,,0,100,,1052,170,,,0,101,,1053,170,,,0,100,,1054,170,,,0,100,,1055,170,,,0,101,,1056,170,,,0,101,,1057,170,,,0,100,,1058,170,,,0
