100,'Fête-1-01',922,,1059,240,,,0,200,,1060,240,,,0,200,,1061,240,,,0,200,,1062,240,,,0,200,,1063,240,,,0,200,,1064,240,,,0,200,,1065,240,,,0,198,,1066,240,,,0
100,'Semaine-01',710,,37,240,,,0,100,,38,240,,,0,97,,29,240,,,0,100,,30,240,,,0,100,,31,240,,,0,121,,32,240,,,0,100,,33,240,,,0,100,,34,240,,,0,93,,40,240,,,0,100,,35,240,,,0,95,,36,240,,,0,106,,41,240,,,0,101,,42,240,,,0,195,,43,240,,,0,198,,44,240,,,0
100,'Week-end-01',922,,45,240,,,0,200,,46,240,,,0,200,,47,240,,,0,200,,48,240,,,0,200,,49,240,,,0,200,,50,240,,,0,200,,51,240,,,0,198,,52,240,,,0
101,'Fête-1-01',832,,1067,310,,,0,200,,1068,310,,,0,197,,1069,310,,,0,200,,1070,310,,,0,200,,1071,310,,,0,200,,1072,310,,,0,202,,1073,310,,,0,200,,1074,310,,,0
101,'Semaine-01',629,,93,370,,,0,91,,94,370,,,0,97,,88,370,,,0,102,,80,370,,,0,98,,81,370,,,0,100,,82,370,,,0,105,,83,370,,,0,102,,84,370,,,0,100,,85,370,,,0,101,,79,370,,,0,99,,89,370,,,0,110,,91,370,,,0,100,,92,370,,,0,196,,86,370,,,0,197,,87,370,,,0
101,'Week-end-01',832,,95,310,,,0,200,,96,310,,,0,197,,97,310,,,0,200,,98,310,,,0,200,,99,310,,,0,200,,100,310,,,0,202,,101,310,,,0,200,,102,310,,,0
500,'Semaine-01',1751,,142,130,,,0,155,,143,130,,,0,99,,144,130,,,0
900,'Fête-1-01',632,,1091,530,,,0,123,,1093,530,,,0,200,,1094,530,,,0,200,,1095,530,,,0,200,,1096,530,,,0,200,,1097,530,,,0,200,,1098,530,,,0,200,,1099,530,,,0,200,,1100,530,,,0,198,,1092,530,,,0
900,'Semaine-01',527,,292,540,,,0,105,,303,540,,,0,74,,300,540,,,0,39,,304,540,,,0,95,,305,540,,,0,101,,293,540,,,0,100,,294,540,,,0,100,,306,540,,,0,110,,295,540,,,0,105,,307,540,,,0,96,,296,540,,,0,100,,291,540,,,0,156,,302,540,,,0,43,,301,540,,,0,101,,308,540,,,0,100,,297,540,,,0,98,,298,540,,,0,99,,309,540,,,0,100,,310,540,,,0,100,,299,540,,,0
900,'Week-end-01',632,,311,530,,,0,123,,313,530,,,0,200,,314,530,,,0,200,,315,530,,,0,200,,316,530,,,0,200,,317,530,,,0,200,,318,530,,,0,200,,319,530,,,0,200,,320,530,,,0,198,,312,530,,,0
1101,'Fête-1-01',837,,1118,530,,,0,198,,1119,530,,,0,200,,1120,530,,,0,200,,1121,530,,,0,200,,1122,530,,,0,200,,1123,530,,,0,200,,1124,530,,,0,200,,1125,530,,,0
1101,'Semaine-01',525,,485,390,,,0,76,,487,390,,,0,45,,467,390,,,0,66,,484,390,,,0,46,,468,530,,,0,173,,476,530,,,0,100,,477,530,,,0,99,,478,530,,,0,100,,479,530,,,0,100,,480,530,,,0,100,,481,530,,,0,102,,482,530,,,0,100,,483,530,,,0,115,,469,530,,,0,100,,470,530,,,0,83,,471,530,,,0,98,,472,530,,,0,101,,473,530,,,0,100,,474,530,,,0,100,,475,530,,,0
1101,'Week-end-01',837,,488,530,,,0,198,,489,530,,,0,200,,490,530,,,0,200,,491,530,,,0,200,,492,530,,,0,200,,493,530,,,0,200,,494,530,,,0,200,,495,530,,,0
1400,'Fête-1-01',717,,1126,270,,,0,207,,1127,270,,,0,200,,1128,270,,,0,200,,1129,270,,,0,200,,1130,270,,,0,200,,1131,270,,,0,200,,1132,270,,,0,200,,1133,270,,,0,198,,1134,270,,,0
1400,'Semaine-01',639,,539,270,,,0,73,,523,270,,,0,92,,530,270,,,0,105,,531,270,,,0,103,,532,270,,,0,111,,533,270,,,0,100,,534,270,,,0,100,,535,270,,,0,100,,536,270,,,0,101,,537,270,,,0,100,,524,270,,,0,109,,525,270,,,0,89,,526,270,,,0,102,,527,270,,,0,195,,528,270,,,0,197,,529,270,,,0,195,,538,270,,,0
1400,'Week-end-01',717,,540,270,,,0,207,,541,270,,,0,200,,542,270,,,0,200,,543,270,,,0,200,,544,270,,,0,200,,545,270,,,0,200,,546,270,,,0,200,,547,270,,,0,198,,548,270,,,0
1401,'Fête-1-01',629,,1136,440,,,0,207,,1137,440,,,0,200,,1138,440,,,0,198,,1139,440,,,0,200,,1140,440,,,0,197,,1141,440,,,0,200,,1142,440,,,0,205,,1143,440,,,0,200,,1144,440,,,0
1401,'Semaine-01',627,,577,440,,,0,88,,584,440,,,0,105,,585,440,,,0,105,,586,440,,,0,100,,587,440,,,0,100,,588,440,,,0,99,,589,440,,,0,100,,590,440,,,0,100,,591,440,,,0,101,,578,440,,,0,101,,579,440,,,0,103,,580,440,,,0,101,,581,440,,,0,195,,582,440,,,0,203,,583,440,,,0
1401,'Week-end-01',629,,592,440,,,0,207,,593,440,,,0,200,,594,440,,,0,198,,595,440,,,0,200,,596,440,,,0,197,,597,440,,,0,200,,598,440,,,0,205,,599,440,,,0,200,,600,440,,,0
