800,'Fête-1-01',937,,1141,420,,,0,201,,1142,420,,,0,200,,1143,420,,,0,200,,1144,420,,,0,201,,1145,420,,,0,197,,1146,420,,,0,199,,1147,420,,,0,198,,1148,420,,,0
800,'Fête-2-01',700,,1149,420,,,0,107,,1150,420,,,0,115,,1159,420,,,0,99,,1160,420,,,0,100,,1151,420,,,0,105,,1152,420,,,0,100,,1161,420,,,0,105,,1162,420,,,0,105,,1163,420,,,0,100,,1153,420,,,0,95,,1154,420,,,0,112,,1155,420,,,0,92,,1156,420,,,0,195,,1157,420,,,0,197,,1158,420,,,0
800,'Semaine-01',700,,191,420,,,0,29,,1164,250,,,0,78,,192,420,,,0,40,,1165,420,,,0,75,,201,420,,,0,99,,202,420,,,0,100,,193,420,,,0,105,,194,420,,,0,100,,203,420,,,0,105,,204,420,,,0,105,,205,420,,,0,100,,195,420,,,0,95,,196,420,,,0,112,,197,420,,,0,92,,198,420,,,0,195,,199,420,,,0,197,,200,420,,,0
800,'Week-end-01',937,,207,420,,,0,201,,208,420,,,0,200,,209,420,,,0,200,,210,420,,,0,201,,211,420,,,0,197,,212,420,,,0,199,,213,420,,,0,198,,214,420,,,0
30000,'Fête-2-01',644,,1451,450,,,0,198,,1452,450,,,0,383,,1453,450,,,0,400,,1454,450,,,0,120,,1455,450,,,0,93,,1456,450,,,0,92,,1457,450,,,0,492,,1458,450,,,0
30000,'Semaine-01',644,,786,450,,,0,198,,787,450,,,0,383,,788,450,,,0,400,,789,450,,,0,120,,790,450,,,0,93,,791,450,,,0,92,,792,450,,,0,492,,793,450,,,0
40000,'Fête-1-01',819,,1466,470,0,7,0,110,,1467,470,0,7,0,101,,1468,470,0,7,0,101,,1469,470,0,7,0,100,,1470,470,0,7,0,101,,1471,470,0,7,0,102,,1472,470,0,7,0,100,,1473,470,0,7,0,100,,1474,470,0,7,0,101,,1475,470,0,7,0,101,,1476,470,0,7,0,98,,1477,470,0,7,0,100,,1478,470,0,7,0,97,,1479,470,0,7,0,100,,1480,470,0,7,0,99,,1481,470,0,7,0,100,,1482,470,0,7,0,100,,1483,470,0,7,0,100,,1484,470,0,7,0
40000,'Fête-2-01',716,,1500,470,,,0,43,,1492,470,0,7,0,73,,1524,470,,,0,24,,1525,470,,,0,83,,1493,470,0,7,0,80,,1494,470,0,7,0,20,,1507,470,0,7,0,93,,1516,470,0,7,0,107,,1485,470,0,7,0,100,,1519,470,0,7,0,100,,1520,470,0,7,0,81,,1490,470,0,7,0,80,,1521,470,0,7,0,30,,1522,470,0,7,0,15,,1523,470,0,7,0,55,,1502,470,0,7,0,15,,1503,470,0,7,0,10,,1504,470,0,7,0,10,,1505,470,0,7,0,69,,1506,470,0,7,0,10,,1508,470,0,7,0,17,,1509,470,0,7,0,20,,1510,470,0,7,0,59,,1511,470,0,7,0,93,,1512,470,0,7,0,25,,1491,470,0,7,0,30,,1513,470,0,7,0,70,,1495,470,0,7,0,30,,1514,470,0,7,0,70,,1496,470,0,7,0,30,,1515,470,0,7,0,69,,1497,470,0,7,0,30,,1517,470,0,7,0,165,,1501,470,0,7,0,100,,1518,470,0,7,0
40000,'Semaine-01',716,,883,470,,,0,43,,875,470,0,7,0,73,,907,470,,,0,24,,908,470,,,0,83,,876,470,0,7,0,80,,877,470,0,7,0,20,,890,470,0,7,0,93,,899,470,0,7,0,107,,868,470,0,7,0,100,,902,470,0,7,0,100,,903,470,0,7,0,81,,873,470,0,7,0,80,,904,470,0,7,0,30,,905,470,0,7,0,15,,906,470,0,7,0,55,,885,470,0,7,0,15,,886,470,0,7,0,10,,887,470,0,7,0,10,,888,470,0,7,0,69,,889,470,0,7,0,10,,891,470,0,7,0,17,,892,470,0,7,0,20,,893,470,0,7,0,59,,894,470,0,7,0,93,,895,470,0,7,0,25,,874,470,0,7,0,30,,896,470,0,7,0,70,,878,470,0,7,0,30,,897,470,0,7,0,70,,879,470,0,7,0,30,,898,470,0,7,0,69,,880,470,0,7,0,30,,900,470,0,7,0,165,,884,470,0,7,0,100,,901,470,0,7,0
40000,'Week-end-01',819,,909,470,0,7,0,110,,910,470,0,7,0,101,,911,470,0,7,0,101,,912,470,0,7,0,100,,913,470,0,7,0,101,,914,470,0,7,0,102,,915,470,0,7,0,100,,916,470,0,7,0,100,,917,470,0,7,0,101,,918,470,0,7,0,101,,919,470,0,7,0,98,,920,470,0,7,0,100,,921,470,0,7,0,97,,922,470,0,7,0,100,,923,470,0,7,0,99,,924,470,0,7,0,100,,925,470,0,7,0,100,,926,470,0,7,0,100,,927,470,0,7,0
