1100,'Fête-1-01',944,,1249,410,,,0,200,,1250,410,,,0,200,,1251,410,,,0,200,,1252,410,,,0,200,,1253,410,,,0,200,,1254,410,,,0,200,,1255,410,,,0,198,,1256,410,,,0
1100,'Fête-2-01',633,,1275,410,,,0,101,,1258,410,,,0,103,,1266,410,,,0,77,,1267,410,,,0,100,,1268,410,,,0,112,,1269,410,,,0,100,,1270,410,,,0,88,,1271,410,,,0,100,,1272,410,,,0,100,,1273,410,,,0,100,,1259,410,,,0,112,,1260,410,,,0,95,,1274,410,,,0,99,,1257,410,,,0,100,,1261,410,,,0,93,,1262,410,,,0,100,,1263,410,,,0,100,,1264,410,,,0,98,,1265,410,,,0
1100,'Semaine-01',633,,430,410,,,0,101,,411,410,,,0,100,,1277,270,,,0,3,,420,410,,,0,77,,421,410,,,0,100,,422,410,,,0,112,,423,410,,,0,100,,424,410,,,0,88,,425,410,,,0,100,,426,410,,,0,100,,427,410,,,0,100,,412,410,,,0,32,,1276,410,,,0,80,,413,410,,,0,25,,1278,410,,,0,70,,428,410,,,0,19,,1279,410,,,0,80,,408,410,,,0,100,,415,410,,,0,93,,416,410,,,0,100,,417,410,,,0,100,,418,410,,,0,98,,419,410,,,0
1100,'Week-end-01',944,,431,410,,,0,200,,432,410,,,0,200,,433,410,,,0,200,,434,410,,,0,200,,435,410,,,0,200,,436,410,,,0,200,,437,410,,,0,198,,438,410,,,0
1400,'Fête-1-01',733,,1309,430,,,0,207,,1310,430,,,0,200,,1311,430,,,0,200,,1312,430,,,0,200,,1313,430,,,0,200,,1314,430,,,0,200,,1315,430,,,0,200,,1316,430,,,0,198,,1317,430,,,0,188,,1318,340,,,0
1400,'Fête-2-01',651,,1335,430,,,0,73,,1319,430,,,0,94,,1326,430,,,0,104,,1327,430,,,0,103,,1328,430,,,0,111,,1329,430,,,0,100,,1330,430,,,0,101,,1331,430,,,0,100,,1332,430,,,0,103,,1333,430,,,0,101,,1320,430,,,0,107,,1321,430,,,0,87,,1322,430,,,0,102,,1323,430,,,0,193,,1324,430,,,0,197,,1325,430,,,0,194,,1334,430,,,0
1400,'Semaine-01',651,,539,430,,,0,73,,523,430,,,0,94,,530,430,,,0,104,,531,430,,,0,103,,532,430,,,0,111,,533,430,,,0,100,,534,430,,,0,101,,535,430,,,0,100,,536,430,,,0,103,,537,430,,,0,101,,524,430,,,0,107,,525,430,,,0,87,,526,430,,,0,102,,527,430,,,0,193,,528,430,,,0,197,,529,430,,,0,194,,538,430,,,0
1400,'Week-end-01',733,,540,430,,,0,207,,541,430,,,0,200,,542,430,,,0,200,,543,430,,,0,200,,544,430,,,0,200,,545,430,,,0,200,,546,430,,,0,200,,547,430,,,0,198,,548,430,,,0,188,,549,340,,,0
10000,'Fête-2-01',1650,,1418,480,,,0,70,,1419,480,,,0,24,,1422,480,,,0,85,,1420,480,,,0,84,,1421,480,,,0
10000,'Semaine-01',1650,,719,480,,,0,70,,720,480,,,0,24,,724,480,,,0,85,,722,480,,,0,84,,723,480,,,0
