900,'Fête-1-01',550,,1189,50,,,0,163,,1191,50,,,0,200,,1192,50,,,0,200,,1193,50,,,0,200,,1194,50,,,0,200,,1195,50,,,0,200,,1196,50,,,0,200,,1197,50,,,0,200,,1198,50,,,0,198,,1190,50,,,0
900,'Fête-2-01',447,,1200,50,,,0,105,,1211,50,,,0,74,,1208,50,,,0,76,,1212,50,,,0,55,,1213,50,,,0,101,,1201,50,,,0,100,,1202,50,,,0,99,,1214,50,,,0,150,,1203,50,,,0,104,,1215,50,,,0,96,,1204,50,,,0,100,,1199,50,,,0,114,,1210,50,,,0,85,,1209,50,,,0,104,,1216,50,,,0,100,,1205,50,,,0,98,,1206,50,,,0,100,,1217,50,,,0,100,,1218,50,,,0,100,,1207,50,,,0
900,'Semaine-01',447,,292,50,,,0,105,,303,50,,,0,74,,300,50,,,0,76,,304,50,,,0,55,,305,50,,,0,101,,293,50,,,0,100,,294,50,,,0,99,,306,50,,,0,150,,295,50,,,0,104,,307,50,,,0,96,,296,50,,,0,100,,291,50,,,0,114,,302,50,,,0,85,,301,50,,,0,104,,308,50,,,0,100,,297,50,,,0,98,,298,50,,,0,100,,309,50,,,0,100,,310,50,,,0,100,,299,50,,,0
900,'Week-end-01',550,,311,50,,,0,163,,313,50,,,0,200,,314,50,,,0,200,,315,50,,,0,200,,316,50,,,0,200,,317,50,,,0,200,,318,50,,,0,200,,319,50,,,0,200,,320,50,,,0,198,,312,50,,,0
1400,'Fête-1-01',705,,1309,50,,,0,207,,1310,50,,,0,200,,1311,50,,,0,200,,1312,50,,,0,200,,1313,50,,,0,200,,1314,50,,,0,200,,1315,50,,,0,200,,1316,50,,,0,198,,1317,50,,,0,200,,1318,50,,,0
1400,'Fête-2-01',627,,1335,50,,,0,73,,1319,50,,,0,52,,1326,50,,,0,105,,1327,50,,,0,143,,1328,50,,,0,111,,1329,50,,,0,100,,1330,50,,,0,100,,1331,50,,,0,100,,1332,50,,,0,100,,1333,50,,,0,100,,1320,50,,,0,110,,1321,50,,,0,90,,1322,50,,,0,102,,1323,50,,,0,195,,1324,50,,,0,198,,1325,50,,,0,195,,1334,50,,,0
1400,'Semaine-01',627,,539,50,,,0,73,,523,50,,,0,52,,530,50,,,0,105,,531,50,,,0,143,,532,50,,,0,111,,533,50,,,0,100,,534,50,,,0,100,,535,50,,,0,100,,536,50,,,0,100,,537,50,,,0,100,,524,50,,,0,110,,525,50,,,0,90,,526,50,,,0,102,,527,50,,,0,195,,528,50,,,0,198,,529,50,,,0,195,,538,50,,,0
1400,'Week-end-01',705,,540,50,,,0,207,,541,50,,,0,200,,542,50,,,0,200,,543,50,,,0,200,,544,50,,,0,200,,545,50,,,0,200,,546,50,,,0,200,,547,50,,,0,198,,548,50,,,0,200,,549,50,,,0
10000,'Fête-2-01',1633,,1418,190,,,0,70,,1419,190,,,0,24,,1422,190,,,0,84,,1420,190,,,0,44,,1421,190,,,0
10000,'Semaine-01',1633,,719,190,,,0,70,,720,190,,,0,24,,724,190,,,0,84,,722,190,,,0,44,,723,190,,,0
