100,'Fête-1-01',921,,1059,230,,,0,200,,1060,230,,,0,200,,1061,230,,,0,200,,1062,230,,,0,200,,1063,230,,,0,200,,1064,230,,,0,200,,1065,230,,,0,198,,1066,230,,,0
100,'Fête-2-01',710,,1075,230,,,0,100,,1076,230,,,0,97,,1067,230,,,0,100,,1068,230,,,0,100,,1069,230,,,0,121,,1070,230,,,0,100,,1071,230,,,0,100,,1072,230,,,0,93,,1077,230,,,0,100,,1073,230,,,0,95,,1074,230,,,0,106,,1078,230,,,0,101,,1079,230,,,0,195,,1080,230,,,0,198,,1081,230,,,0
100,'Semaine-01',710,,37,230,,,0,100,,38,230,,,0,20,,1084,230,,,0,77,,29,230,,,0,100,,30,230,,,0,100,,31,230,,,0,121,,32,230,,,0,100,,33,230,,,0,100,,34,230,,,0,93,,40,230,,,0,100,,35,230,,,0,95,,36,230,,,0,106,,41,230,,,0,101,,42,230,,,0,195,,43,230,,,0,198,,44,230,,,0
100,'Week-end-01',921,,45,230,,,0,200,,46,230,,,0,200,,47,230,,,0,200,,48,230,,,0,200,,49,230,,,0,200,,50,230,,,0,200,,51,230,,,0,198,,52,230,,,0
101,'Fête-1-01',831,,1085,300,,,0,200,,1086,300,,,0,197,,1087,300,,,0,200,,1088,300,,,0,200,,1089,300,,,0,200,,1090,300,,,0,202,,1091,300,,,0,200,,1092,300,,,0
101,'Fête-2-01',629,,1106,360,,,0,91,,1107,360,,,0,97,,1102,360,,,0,102,,1094,360,,,0,98,,1095,360,,,0,100,,1096,360,,,0,105,,1097,360,,,0,102,,1098,360,,,0,100,,1099,360,,,0,101,,1093,360,,,0,99,,1103,360,,,0,110,,1104,360,,,0,100,,1105,360,,,0,196,,1100,360,,,0,196,,1101,360,,,0
101,'Semaine-01',629,,93,360,,,0,91,,94,360,,,0,97,,88,360,,,0,102,,80,360,,,0,98,,81,360,,,0,100,,82,360,,,0,105,,83,360,,,0,102,,84,360,,,0,100,,85,360,,,0,101,,79,360,,,0,99,,89,360,,,0,85,,1108,360,4,,0,25,,91,360,,,0,100,,92,360,,,0,196,,86,360,,,0,196,,87,360,,,0
101,'Week-end-01',831,,95,300,,,0,200,,96,300,,,0,197,,97,300,,,0,200,,98,300,,,0,200,,99,300,,,0,200,,100,300,,,0,202,,101,300,,,0,200,,102,300,,,0
500,'Fête-2-01',1752,,1128,120,,,0,152,,1129,120,,,0,100,,1130,120,,,0
500,'Semaine-01',1752,,142,120,,,0,153,,143,120,,,0,100,,144,120,,,0
900,'Fête-1-01',632,,1189,520,,,0,123,,1191,520,,,0,200,,1192,520,,,0,200,,1193,520,,,0,200,,1194,520,,,0,200,,1195,520,,,0,200,,1196,520,,,0,200,,1197,520,,,0,200,,1198,520,,,0,198,,1190,520,,,0
900,'Fête-2-01',527,,1200,530,,,0,105,,1211,530,,,0,74,,1208,530,,,0,39,,1212,530,,,0,95,,1213,530,,,0,101,,1201,530,,,0,100,,1202,530,,,0,100,,1214,530,,,0,110,,1203,530,,,0,105,,1215,530,,,0,96,,1204,530,,,0,100,,1199,530,,,0,156,,1210,530,,,0,43,,1209,530,,,0,101,,1216,530,,,0,100,,1205,530,,,0,98,,1206,530,,,0,99,,1217,530,,,0,100,,1218,530,,,0,100,,1207,530,,,0
900,'Semaine-01',527,,292,530,,,0,105,,303,530,,,0,74,,300,530,,,0,39,,304,530,,,0,95,,305,530,,,0,101,,293,530,,,0,100,,294,530,,,0,100,,306,530,,,0,110,,295,530,,,0,105,,307,530,,,0,96,,296,530,,,0,100,,291,530,,,0,156,,302,530,,,0,43,,301,530,,,0,101,,308,530,,,0,100,,297,530,,,0,98,,298,530,,,0,99,,309,530,,,0,100,,310,530,,,0,100,,299,530,,,0
900,'Week-end-01',632,,311,520,,,0,123,,313,520,,,0,200,,314,520,,,0,200,,315,520,,,0,200,,316,520,,,0,200,,317,520,,,0,200,,318,520,,,0,200,,319,520,,,0,200,,320,520,,,0,198,,312,520,,,0
1101,'Fête-1-01',837,,1280,520,,,0,198,,1281,520,,,0,200,,1282,520,,,0,200,,1283,520,,,0,200,,1284,520,,,0,200,,1285,520,,,0,200,,1286,520,,,0,200,,1287,520,,,0
1101,'Fête-2-01',529,,1306,380,,,0,72,,1307,380,,,0,45,,1288,380,,,0,65,,1305,380,,,0,47,,1289,520,,,0,173,,1297,520,,,0,100,,1298,520,,,0,99,,1299,520,,,0,100,,1300,520,,,0,100,,1301,520,,,0,100,,1302,520,,,0,102,,1303,520,,,0,100,,1304,520,,,0,111,,1290,520,,,0,104,,1291,520,,,0,83,,1292,520,,,0,98,,1293,520,,,0,101,,1294,520,,,0,100,,1295,520,,,0,100,,1296,520,,,0
1101,'Semaine-01',529,,485,380,,,0,72,,487,380,,,0,45,,467,380,,,0,65,,484,380,,,0,47,,468,520,,,0,173,,476,520,,,0,100,,477,520,,,0,99,,478,520,,,0,100,,479,520,,,0,100,,480,520,,,0,100,,481,520,,,0,102,,482,520,,,0,100,,483,520,,,0,81,,1308,520,,,0,30,,469,520,,,0,104,,470,520,,,0,83,,471,520,,,0,98,,472,520,,,0,101,,473,520,,,0,100,,474,520,,,0,100,,475,520,,,0
1101,'Week-end-01',837,,488,520,,,0,198,,489,520,,,0,200,,490,520,,,0,200,,491,520,,,0,200,,492,520,,,0,200,,493,520,,,0,200,,494,520,,,0,200,,495,520,,,0
1400,'Fête-1-01',717,,1309,260,,,0,207,,1310,260,,,0,200,,1311,260,,,0,200,,1312,260,,,0,200,,1313,260,,,0,200,,1314,260,,,0,200,,1315,260,,,0,200,,1316,260,,,0,198,,1317,260,,,0
1400,'Fête-2-01',639,,1335,260,,,0,73,,1319,260,,,0,92,,1326,260,,,0,105,,1327,260,,,0,103,,1328,260,,,0,111,,1329,260,,,0,100,,1330,260,,,0,100,,1331,260,,,0,100,,1332,260,,,0,101,,1333,260,,,0,100,,1320,260,,,0,109,,1321,260,,,0,89,,1322,260,,,0,102,,1323,260,,,0,194,,1324,260,,,0,198,,1325,260,,,0,194,,1334,260,,,0
1400,'Semaine-01',639,,539,260,,,0,73,,523,260,,,0,92,,530,260,,,0,105,,531,260,,,0,103,,532,260,,,0,111,,533,260,,,0,100,,534,260,,,0,100,,535,260,,,0,100,,536,260,,,0,101,,537,260,,,0,100,,524,260,,,0,109,,525,260,,,0,89,,526,260,,,0,102,,527,260,,,0,194,,528,260,,,0,198,,529,260,,,0,194,,538,260,,,0
1400,'Week-end-01',717,,540,260,,,0,207,,541,260,,,0,200,,542,260,,,0,200,,543,260,,,0,200,,544,260,,,0,200,,545,260,,,0,200,,546,260,,,0,200,,547,260,,,0,198,,548,260,,,0
1401,'Fête-1-01',629,,1336,430,,,0,207,,1337,430,,,0,200,,1338,430,,,0,198,,1339,430,,,0,200,,1340,430,,,0,197,,1341,430,,,0,200,,1342,430,,,0,205,,1343,430,,,0,200,,1344,430,,,0
1401,'Fête-2-01',627,,1345,430,,,0,88,,1352,430,,,0,105,,1353,430,,,0,105,,1354,430,,,0,100,,1355,430,,,0,100,,1356,430,,,0,99,,1357,430,,,0,100,,1358,430,,,0,100,,1359,430,,,0,101,,1346,430,,,0,100,,1347,430,,,0,103,,1348,430,,,0,102,,1349,430,,,0,195,,1350,430,,,0,203,,1351,430,,,0
1401,'Semaine-01',627,,577,430,,,0,88,,584,430,,,0,38,,1361,430,,,0,67,,585,430,,,0,105,,586,430,,,0,100,,587,430,,,0,100,,588,430,,,0,99,,589,430,,,0,100,,590,430,,,0,100,,591,430,,,0,101,,578,430,,,0,100,,579,430,,,0,103,,580,430,,,0,102,,581,430,,,0,195,,582,430,,,0,203,,583,430,,,0
1401,'Week-end-01',629,,592,430,,,0,207,,593,430,,,0,200,,594,430,,,0,198,,595,430,,,0,200,,596,430,,,0,197,,597,430,,,0,200,,598,430,,,0,205,,599,430,,,0,200,,600,430,,,0
