100,'Fête-2-01',739,,1075,560,,,0,101,,1076,560,,,0,103,,1067,600,,,0,100,,1068,600,,,0,100,,1069,600,,,0,161,,1070,600,,,0,101,,1071,600,,,0,100,,1072,600,,,0,53,,1077,600,,,0,101,,1073,600,,,0,94,,1074,600,,,0,106,,1078,600,,,0,141,,1079,600,,,0,155,,1080,600,,,0,197,,1081,600,,,0
100,'Semaine-01',739,,1083,320,,,0,101,,38,560,,,0,60,,1082,320,,,0,43,,29,600,,,0,100,,30,600,,,0,100,,31,600,,,0,161,,32,600,,,0,101,,33,600,,,0,100,,34,600,,,0,53,,40,600,,,0,101,,35,600,,,0,94,,36,600,,,0,106,,41,600,,,0,141,,42,600,,,0,155,,43,600,,,0,197,,44,600,,,0
200,'Fête-2-01',1029,,1117,80,0,8,0,174,,1111,80,,,0,308,,1118,80,0,8,0,131,,1112,80,,,0,178,,1113,80,,,0
200,'Semaine-01',1029,,119,80,0,8,0,174,,113,80,,,0,308,,120,80,0,8,0,131,,114,80,,,0,178,,115,80,,,0
800,'Fête-1-01',945,,1141,500,,,0,201,,1142,500,,,0,200,,1143,500,,,0,200,,1144,500,,,0,201,,1145,500,,,0,197,,1146,500,,,0,199,,1147,500,,,0,198,,1148,500,,,0
800,'Fête-2-01',709,,1149,500,,,0,110,,1150,500,,,0,114,,1159,500,,,0,99,,1160,500,,,0,100,,1151,500,,,0,105,,1152,500,,,0,99,,1161,500,,,0,105,,1162,500,,,0,105,,1163,500,,,0,103,,1153,500,,,0,91,,1154,500,,,0,111,,1155,500,,,0,92,,1156,500,,,0,194,,1157,500,,,0,197,,1158,500,,,0
800,'Semaine-01',709,,191,500,,,0,32,,1164,330,,,0,78,,192,500,,,0,39,,1165,500,,,0,75,,201,500,,,0,99,,202,500,,,0,100,,193,500,,,0,105,,194,500,,,0,99,,203,500,,,0,105,,204,500,,,0,105,,205,500,,,0,103,,195,500,,,0,91,,196,500,,,0,111,,197,500,,,0,92,,198,500,,,0,194,,199,500,,,0,197,,200,500,,,0
800,'Week-end-01',945,,207,500,,,0,201,,208,500,,,0,200,,209,500,,,0,200,,210,500,,,0,201,,211,500,,,0,197,,212,500,,,0,199,,213,500,,,0,198,,214,500,,,0
1100,'Fête-1-01',951,,1249,480,,,0,200,,1250,480,,,0,200,,1251,480,,,0,200,,1252,480,,,0,200,,1253,480,,,0,200,,1254,480,,,0,200,,1255,480,,,0,198,,1256,480,,,0
1100,'Fête-2-01',640,,1275,480,,,0,101,,1258,480,,,0,103,,1266,480,,,0,78,,1267,480,,,0,99,,1268,480,,,0,112,,1269,480,,,0,100,,1270,480,,,0,88,,1271,480,,,0,100,,1272,480,,,0,100,,1273,480,,,0,100,,1259,480,,,0,112,,1260,480,,,0,95,,1274,480,,,0,99,,1257,480,,,0,100,,1261,480,,,0,93,,1262,480,,,0,100,,1263,480,,,0,100,,1264,480,,,0,98,,1265,480,,,0
1100,'Semaine-01',640,,430,480,,,0,101,,411,480,,,0,100,,1277,340,,,0,3,,420,480,,,0,78,,421,480,,,0,99,,422,480,,,0,112,,423,480,,,0,100,,424,480,,,0,88,,425,480,,,0,100,,426,480,,,0,100,,427,480,,,0,100,,412,480,,,0,33,,1276,480,,,0,79,,413,480,,,0,25,,1278,480,,,0,70,,428,480,,,0,19,,1279,480,,,0,80,,408,480,,,0,100,,415,480,,,0,93,,416,480,,,0,100,,417,480,,,0,100,,418,480,,,0,98,,419,480,,,0
1100,'Week-end-01',951,,431,480,,,0,200,,432,480,,,0,200,,433,480,,,0,200,,434,480,,,0,200,,435,480,,,0,200,,436,480,,,0,200,,437,480,,,0,198,,438,480,,,0
1400,'Fête-1-01',740,,1309,500,,,0,207,,1310,500,,,0,200,,1311,500,,,0,200,,1312,500,,,0,200,,1313,500,,,0,200,,1314,500,,,0,200,,1315,500,,,0,200,,1316,500,,,0,198,,1317,500,,,0,187,,1318,410,,,0
1400,'Fête-2-01',658,,1335,500,,,0,73,,1319,500,,,0,94,,1326,500,,,0,104,,1327,500,,,0,103,,1328,500,,,0,111,,1329,500,,,0,100,,1330,500,,,0,101,,1331,500,,,0,100,,1332,500,,,0,103,,1333,500,,,0,101,,1320,500,,,0,107,,1321,500,,,0,86,,1322,500,,,0,102,,1323,500,,,0,193,,1324,500,,,0,196,,1325,500,,,0,194,,1334,500,,,0
1400,'Semaine-01',658,,539,500,,,0,73,,523,500,,,0,94,,530,500,,,0,104,,531,500,,,0,103,,532,500,,,0,111,,533,500,,,0,100,,534,500,,,0,101,,535,500,,,0,100,,536,500,,,0,103,,537,500,,,0,101,,524,500,,,0,107,,525,500,,,0,86,,526,500,,,0,102,,527,500,,,0,193,,528,500,,,0,196,,529,500,,,0,194,,538,500,,,0
1400,'Week-end-01',740,,540,500,,,0,207,,541,500,,,0,200,,542,500,,,0,200,,543,500,,,0,200,,544,500,,,0,200,,545,500,,,0,200,,546,500,,,0,200,,547,500,,,0,198,,548,500,,,0,187,,549,410,,,0
10000,'Fête-2-01',1657,,1418,550,,,0,70,,1419,550,,,0,25,,1422,550,,,0,85,,1420,550,,,0,84,,1421,550,,,0
10000,'Semaine-01',1657,,719,550,,,0,70,,720,550,,,0,25,,724,550,,,0,85,,722,550,,,0,84,,723,550,,,0
40000,'Semaine-01',726,,883,550,,,0,116,,907,550,,,0,64,,908,550,,,0
