101,'Fête-2-01',612,,1106,100,,,0,91,,1107,100,,,0,97,,1102,100,,,0,102,,1094,100,,,0,98,,1095,100,,,0,100,,1096,100,,,0,105,,1097,100,,,0,102,,1098,100,,,0,100,,1099,100,,,0,100,,1093,100,,,0,99,,1103,100,,,0,111,,1104,100,,,0,100,,1105,100,,,0,196,,1100,100,,,0,197,,1101,100,,,0
101,'Semaine-01',612,,93,100,,,0,91,,94,100,,,0,97,,88,100,,,0,102,,80,100,,,0,98,,81,100,,,0,100,,82,100,,,0,105,,83,100,,,0,102,,84,100,,,0,100,,85,100,,,0,100,,79,100,,,0,99,,89,100,,,0,42,,1108,100,4,,0,69,,91,100,,,0,100,,92,100,,,0,196,,86,100,,,0,197,,87,100,,,0
201,'Fête-2-01',749,,1121,370,,,0,157,,1119,370,,,0,205,,1124,240,,,0,207,,1122,370,,,0,238,,1125,240,,,0,249,,1123,370,,,0,122,,1120,370,,,0
201,'Semaine-01',749,,132,370,,,0,157,,130,370,,,0,205,,135,240,,,0,207,,133,370,,,0,238,,136,240,,,0,249,,134,370,,,0,122,,131,370,,,0
601,'Fête-2-01',1831,,1138,360,0,9,0,86,,1139,360,0,7,0
601,'Semaine-01',1831,,162,360,0,9,0,86,,163,360,0,7,0
801,'Fête-1-01',823,,1166,100,,,0,200,,1167,100,,,0,196,,1168,100,,,0,200,,1169,100,,,0,200,,1170,100,,,0,200,,1171,100,,,0,202,,1172,100,,,0,200,,1173,100,,,0
801,'Fête-2-01',759,,1180,100,,,0,152,,1181,100,,,0,100,,1182,100,,,0,103,,1183,100,,,0,103,,1184,100,,,0,104,,1185,100,,,0,101,,1186,100,,,0,95,,1174,100,,,0,104,,1175,100,,,0,97,,1176,100,,,0,102,,1177,100,,,0,195,,1178,100,,,0,201,,1179,100,,,0
801,'Semaine-01',759,,245,100,,,0,152,,246,100,,,0,100,,247,100,,,0,103,,248,100,,,0,103,,249,100,,,0,104,,250,100,,,0,101,,251,100,,,0,95,,238,100,,,0,104,,239,100,,,0,29,,1188,110,,,0,68,,241,100,,,0,102,,242,100,,,0,195,,243,100,,,0,201,,244,100,,,0
801,'Week-end-01',823,,253,100,,,0,200,,254,100,,,0,196,,255,100,,,0,200,,256,100,,,0,200,,257,100,,,0,200,,258,100,,,0,202,,259,100,,,0,200,,260,100,,,0
40001,'Fête-2-01',1651,,1590,100,,,0,66,,1562,100,,,0,104,,1563,100,,,0
40001,'Semaine-01',1651,,1039,100,,,0,66,,1011,100,,,0,104,,1012,100,,,0
