101,'Fête-1-01',854,,1085,580,,,0,200,,1086,580,,,0,197,,1087,580,,,0,200,,1088,580,,,0,200,,1089,580,,,0,200,,1090,580,,,0,202,,1091,580,,,0,200,,1092,580,,,0
101,'Fête-2-01',647,,1106,600,,,0,91,,1107,600,,,0,103,,1102,640,,,0,102,,1094,640,,,0,100,,1095,640,,,0,100,,1096,640,,,0,105,,1097,640,,,0,103,,1098,640,,,0,100,,1099,640,,,0,101,,1093,640,,,0,93,,1103,600,,,0,109,,1104,600,,,0,100,,1105,600,,,0,194,,1100,600,,,0,196,,1101,600,,,0
101,'Semaine-01',647,,93,600,,,0,91,,94,600,,,0,103,,88,640,,,0,102,,80,640,,,0,100,,81,640,,,0,100,,82,640,,,0,105,,83,640,,,0,103,,84,640,,,0,100,,85,640,,,0,101,,79,640,,,0,93,,89,600,,,0,84,,1109,600,,,0,25,,91,600,,,0,100,,92,600,,,0,194,,86,600,,,0,196,,87,600,,,0
101,'Week-end-01',854,,95,580,,,0,200,,96,580,,,0,197,,97,580,,,0,200,,98,580,,,0,200,,99,580,,,0,200,,100,580,,,0,202,,101,580,,,0,200,,102,580,,,0
900,'Fête-1-01',549,,1189,40,,,0,163,,1191,40,,,0,200,,1192,40,,,0,200,,1193,40,,,0,200,,1194,40,,,0,200,,1195,40,,,0,200,,1196,40,,,0,200,,1197,40,,,0,200,,1198,40,,,0,198,,1190,40,,,0
900,'Fête-2-01',446,,1200,40,,,0,105,,1211,40,,,0,74,,1208,40,,,0,76,,1212,40,,,0,55,,1213,40,,,0,101,,1201,40,,,0,100,,1202,40,,,0,99,,1214,40,,,0,150,,1203,40,,,0,104,,1215,40,,,0,96,,1204,40,,,0,100,,1199,40,,,0,114,,1210,40,,,0,85,,1209,40,,,0,104,,1216,40,,,0,100,,1205,40,,,0,98,,1206,40,,,0,100,,1217,40,,,0,100,,1218,40,,,0,100,,1207,40,,,0
900,'Semaine-01',446,,292,40,,,0,105,,303,40,,,0,74,,300,40,,,0,76,,304,40,,,0,55,,305,40,,,0,101,,293,40,,,0,100,,294,40,,,0,99,,306,40,,,0,150,,295,40,,,0,104,,307,40,,,0,96,,296,40,,,0,100,,291,40,,,0,114,,302,40,,,0,85,,301,40,,,0,104,,308,40,,,0,100,,297,40,,,0,98,,298,40,,,0,100,,309,40,,,0,100,,310,40,,,0,100,,299,40,,,0
900,'Week-end-01',549,,311,40,,,0,163,,313,40,,,0,200,,314,40,,,0,200,,315,40,,,0,200,,316,40,,,0,200,,317,40,,,0,200,,318,40,,,0,200,,319,40,,,0,200,,320,40,,,0,198,,312,40,,,0
1400,'Fête-1-01',705,,1309,40,,,0,207,,1310,40,,,0,200,,1311,40,,,0,200,,1312,40,,,0,200,,1313,40,,,0,200,,1314,40,,,0,200,,1315,40,,,0,200,,1316,40,,,0,198,,1317,40,,,0,200,,1318,40,,,0
1400,'Fête-2-01',626,,1335,40,,,0,33,,1319,40,,,0,92,,1326,40,,,0,105,,1327,40,,,0,103,,1328,40,,,0,151,,1329,40,,,0,100,,1330,40,,,0,100,,1331,40,,,0,100,,1332,40,,,0,100,,1333,40,,,0,100,,1320,40,,,0,110,,1321,40,,,0,90,,1322,40,,,0,102,,1323,40,,,0,195,,1324,40,,,0,198,,1325,40,,,0,195,,1334,40,,,0
1400,'Semaine-01',626,,539,40,,,0,33,,523,40,,,0,92,,530,40,,,0,105,,531,40,,,0,103,,532,40,,,0,151,,533,40,,,0,100,,534,40,,,0,100,,535,40,,,0,100,,536,40,,,0,100,,537,40,,,0,100,,524,40,,,0,110,,525,40,,,0,90,,526,40,,,0,102,,527,40,,,0,195,,528,40,,,0,198,,529,40,,,0,195,,538,40,,,0
1400,'Week-end-01',705,,540,40,,,0,207,,541,40,,,0,200,,542,40,,,0,200,,543,40,,,0,200,,544,40,,,0,200,,545,40,,,0,200,,546,40,,,0,200,,547,40,,,0,198,,548,40,,,0,200,,549,40,,,0
