900,'Fête-1-01',614,,1189,200,,,0,123,,1191,200,,,0,200,,1192,200,,,0,200,,1193,200,,,0,200,,1194,200,,,0,200,,1195,200,,,0,200,,1196,200,,,0,200,,1197,200,,,0,200,,1198,200,,,0,198,,1190,200,,,0
900,'Fête-2-01',507,,1200,200,,,0,105,,1211,200,,,0,34,,1208,200,,,0,77,,1212,200,,,0,95,,1213,200,,,0,102,,1201,200,,,0,100,,1202,200,,,0,101,,1214,200,,,0,110,,1203,200,,,0,103,,1215,200,,,0,96,,1204,200,,,0,100,,1199,200,,,0,117,,1210,200,,,0,83,,1209,200,,,0,103,,1216,200,,,0,98,,1205,200,,,0,98,,1206,200,,,0,100,,1217,200,,,0,100,,1218,200,,,0,100,,1207,200,,,0
900,'Semaine-01',507,,292,200,,,0,105,,303,200,,,0,34,,300,200,,,0,77,,304,200,,,0,95,,305,200,,,0,102,,293,200,,,0,100,,294,200,,,0,101,,306,200,,,0,110,,295,200,,,0,103,,307,200,,,0,96,,296,200,,,0,100,,291,200,,,0,117,,302,200,,,0,83,,301,200,,,0,103,,308,200,,,0,98,,297,200,,,0,98,,298,200,,,0,100,,309,200,,,0,100,,310,200,,,0,100,,299,200,,,0
900,'Week-end-01',614,,311,200,,,0,123,,313,200,,,0,200,,314,200,,,0,200,,315,200,,,0,200,,316,200,,,0,200,,317,200,,,0,200,,318,200,,,0,200,,319,200,,,0,200,,320,200,,,0,198,,312,200,,,0
1400,'Fête-1-01',707,,1309,60,,,0,207,,1310,60,,,0,200,,1311,60,,,0,200,,1312,60,,,0,200,,1313,60,,,0,200,,1314,60,,,0,200,,1315,60,,,0,200,,1316,60,,,0,198,,1317,60,,,0,200,,1318,60,,,0
1400,'Fête-2-01',628,,1335,60,,,0,73,,1319,60,,,0,52,,1326,60,,,0,105,,1327,60,,,0,143,,1328,60,,,0,111,,1329,60,,,0,100,,1330,60,,,0,100,,1331,60,,,0,100,,1332,60,,,0,100,,1333,60,,,0,100,,1320,60,,,0,110,,1321,60,,,0,90,,1322,60,,,0,102,,1323,60,,,0,195,,1324,60,,,0,198,,1325,60,,,0,195,,1334,60,,,0
1400,'Semaine-01',628,,539,60,,,0,73,,523,60,,,0,52,,530,60,,,0,105,,531,60,,,0,143,,532,60,,,0,111,,533,60,,,0,100,,534,60,,,0,100,,535,60,,,0,100,,536,60,,,0,100,,537,60,,,0,100,,524,60,,,0,110,,525,60,,,0,90,,526,60,,,0,102,,527,60,,,0,195,,528,60,,,0,198,,529,60,,,0,195,,538,60,,,0
1400,'Week-end-01',707,,540,60,,,0,207,,541,60,,,0,200,,542,60,,,0,200,,543,60,,,0,200,,544,60,,,0,200,,545,60,,,0,200,,546,60,,,0,200,,547,60,,,0,198,,548,60,,,0,200,,549,60,,,0
10000,'Fête-2-01',1634,,1418,200,,,0,70,,1419,200,,,0,24,,1422,200,,,0,84,,1420,200,,,0,44,,1421,200,,,0
10000,'Semaine-01',1634,,719,200,,,0,70,,720,200,,,0,24,,724,200,,,0,84,,722,200,,,0,44,,723,200,,,0
