100,'Fête-1-01',910,,1059,20,,,0,200,,1060,20,,,0,200,,1061,20,,,0,200,,1062,20,,,0,200,,1063,20,,,0,200,,1064,20,,,0,200,,1065,20,,,0,198,,1066,20,,,0
100,'Fête-2-01',658,,1075,20,,,0,100,,1076,20,,,0,97,,1067,20,,,0,100,,1068,20,,,0,100,,1069,20,,,0,161,,1070,20,,,0,100,,1071,20,,,0,100,,1072,20,,,0,93,,1077,20,,,0,100,,1073,20,,,0,95,,1074,20,,,0,106,,1078,20,,,0,101,,1079,20,,,0,195,,1080,20,,,0,199,,1081,20,,,0
100,'Semaine-01',658,,37,20,,,0,100,,38,20,,,0,60,,1084,20,,,0,37,,29,20,,,0,100,,30,20,,,0,100,,31,20,,,0,161,,32,20,,,0,100,,33,20,,,0,100,,34,20,,,0,93,,40,20,,,0,100,,35,20,,,0,95,,36,20,,,0,106,,41,20,,,0,101,,42,20,,,0,195,,43,20,,,0,199,,44,20,,,0
100,'Week-end-01',910,,45,20,,,0,200,,46,20,,,0,200,,47,20,,,0,200,,48,20,,,0,200,,49,20,,,0,200,,50,20,,,0,200,,51,20,,,0,198,,52,20,,,0
800,'Fête-1-01',910,,1141,20,,,0,200,,1142,20,,,0,200,,1143,20,,,0,200,,1144,20,,,0,200,,1145,20,,,0,200,,1146,20,,,0,200,,1147,20,,,0,198,,1148,20,,,0
800,'Fête-2-01',635,,1149,20,,,0,105,,1150,20,,,0,116,,1159,20,,,0,99,,1160,20,,,0,100,,1151,20,,,0,145,,1152,20,,,0,100,,1161,20,,,0,105,,1162,20,,,0,104,,1163,20,,,0,100,,1153,20,,,0,97,,1154,20,,,0,112,,1155,20,,,0,92,,1156,20,,,0,196,,1157,20,,,0,198,,1158,20,,,0
800,'Semaine-01',635,,191,20,,,0,105,,192,20,,,0,80,,1165,20,,,0,36,,201,20,,,0,99,,202,20,,,0,100,,193,20,,,0,145,,194,20,,,0,100,,203,20,,,0,105,,204,20,,,0,104,,205,20,,,0,100,,195,20,,,0,97,,196,20,,,0,112,,197,20,,,0,92,,198,20,,,0,196,,199,20,,,0,198,,200,20,,,0
800,'Week-end-01',910,,207,20,,,0,200,,208,20,,,0,200,,209,20,,,0,200,,210,20,,,0,200,,211,20,,,0,200,,212,20,,,0,200,,213,20,,,0,198,,214,20,,,0
900,'Fête-1-01',547,,1189,20,,,0,163,,1191,20,,,0,200,,1192,20,,,0,200,,1193,20,,,0,200,,1194,20,,,0,200,,1195,20,,,0,200,,1196,20,,,0,200,,1197,20,,,0,200,,1198,20,,,0,198,,1190,20,,,0
900,'Fête-2-01',445,,1200,20,,,0,105,,1211,20,,,0,74,,1208,20,,,0,76,,1212,20,,,0,55,,1213,20,,,0,101,,1201,20,,,0,100,,1202,20,,,0,99,,1214,20,,,0,150,,1203,20,,,0,104,,1215,20,,,0,96,,1204,20,,,0,100,,1199,20,,,0,114,,1210,20,,,0,85,,1209,20,,,0,104,,1216,20,,,0,100,,1205,20,,,0,98,,1206,20,,,0,100,,1217,20,,,0,100,,1218,20,,,0,100,,1207,20,,,0
900,'Semaine-01',445,,292,20,,,0,105,,303,20,,,0,74,,300,20,,,0,76,,304,20,,,0,55,,305,20,,,0,101,,293,20,,,0,100,,294,20,,,0,99,,306,20,,,0,150,,295,20,,,0,104,,307,20,,,0,96,,296,20,,,0,100,,291,20,,,0,114,,302,20,,,0,85,,301,20,,,0,104,,308,20,,,0,100,,297,20,,,0,98,,298,20,,,0,100,,309,20,,,0,100,,310,20,,,0,100,,299,20,,,0
900,'Week-end-01',547,,311,20,,,0,163,,313,20,,,0,200,,314,20,,,0,200,,315,20,,,0,200,,316,20,,,0,200,,317,20,,,0,200,,318,20,,,0,200,,319,20,,,0,200,,320,20,,,0,198,,312,20,,,0
1400,'Fête-1-01',703,,1309,20,,,0,207,,1310,20,,,0,200,,1311,20,,,0,200,,1312,20,,,0,200,,1313,20,,,0,200,,1314,20,,,0,200,,1315,20,,,0,200,,1316,20,,,0,198,,1317,20,,,0,200,,1318,20,,,0
1400,'Fête-2-01',625,,1335,20,,,0,33,,1319,20,,,0,92,,1326,20,,,0,105,,1327,20,,,0,103,,1328,20,,,0,151,,1329,20,,,0,100,,1330,20,,,0,100,,1331,20,,,0,100,,1332,20,,,0,100,,1333,20,,,0,100,,1320,20,,,0,110,,1321,20,,,0,90,,1322,20,,,0,102,,1323,20,,,0,195,,1324,20,,,0,198,,1325,20,,,0,155,,1334,20,,,0
1400,'Semaine-01',625,,539,20,,,0,33,,523,20,,,0,92,,530,20,,,0,105,,531,20,,,0,103,,532,20,,,0,151,,533,20,,,0,100,,534,20,,,0,100,,535,20,,,0,100,,536,20,,,0,100,,537,20,,,0,100,,524,20,,,0,110,,525,20,,,0,90,,526,20,,,0,102,,527,20,,,0,195,,528,20,,,0,198,,529,20,,,0,155,,538,20,,,0
1400,'Week-end-01',703,,540,20,,,0,207,,541,20,,,0,200,,542,20,,,0,200,,543,20,,,0,200,,544,20,,,0,200,,545,20,,,0,200,,546,20,,,0,200,,547,20,,,0,198,,548,20,,,0,200,,549,20,,,0
1500,'Fête-1-01',905,,1362,20,,,1,100,,1363,20,,,1,100,,1364,20,,,1,100,,1365,20,,,1,100,,1366,20,,,1,100,,1367,20,,,1,100,,1368,20,,,1,100,,1369,20,,,1,100,,1370,20,,,1,100,,1371,20,,,1,100,,1372,20,,,1,200,,1373,20,,,1,200,,1374,20,,,1
1500,'Fête-2-01',705,,1375,20,,,1,51,,1382,20,,,1,99,,1383,20,,,1,100,,1384,20,,,1,100,,1385,20,,,1,148,,1386,20,,,1,55,,1387,20,,,1,100,,1388,20,,,1,100,,1389,20,,,1,147,,1376,20,,,1,105,,1377,20,,,1,98,,1378,20,,,1,102,,1379,20,,,1,194,,1380,20,,,1,202,,1381,20,,,1
1500,'Semaine-01',705,,629,20,,,1,51,,636,20,,,1,99,,637,20,,,1,100,,638,20,,,1,100,,639,20,,,1,148,,640,20,,,1,55,,641,20,,,1,100,,642,20,,,1,100,,643,20,,,1,147,,630,20,,,1,105,,631,20,,,1,98,,632,20,,,1,102,,633,20,,,1,194,,634,20,,,1,202,,635,20,,,1
1500,'Week-end-01',905,,644,20,,,1,100,,645,20,,,1,100,,646,20,,,1,100,,647,20,,,1,100,,648,20,,,1,100,,649,20,,,1,100,,650,20,,,1,100,,651,20,,,1,100,,652,20,,,1,100,,653,20,,,1,100,,654,20,,,1,200,,655,20,,,1,200,,656,20,,,1
