1100,'Fête-1-01',947,,1249,440,,,0,200,,1250,440,,,0,200,,1251,440,,,0,200,,1252,440,,,0,200,,1253,440,,,0,200,,1254,440,,,0,200,,1255,440,,,0,198,,1256,440,,,0
1100,'Fête-2-01',636,,1275,440,,,0,101,,1258,440,,,0,103,,1266,440,,,0,77,,1267,440,,,0,100,,1268,440,,,0,112,,1269,440,,,0,100,,1270,440,,,0,88,,1271,440,,,0,100,,1272,440,,,0,100,,1273,440,,,0,100,,1259,440,,,0,112,,1260,440,,,0,95,,1274,440,,,0,99,,1257,440,,,0,100,,1261,440,,,0,93,,1262,440,,,0,100,,1263,440,,,0,100,,1264,440,,,0,98,,1265,440,,,0
1100,'Semaine-01',636,,430,440,,,0,101,,411,440,,,0,100,,1277,300,,,0,3,,420,440,,,0,77,,421,440,,,0,100,,422,440,,,0,112,,423,440,,,0,100,,424,440,,,0,88,,425,440,,,0,100,,426,440,,,0,100,,427,440,,,0,100,,412,440,,,0,32,,1276,440,,,0,80,,413,440,,,0,25,,1278,440,,,0,70,,428,440,,,0,19,,1279,440,,,0,80,,408,440,,,0,100,,415,440,,,0,93,,416,440,,,0,100,,417,440,,,0,100,,418,440,,,0,98,,419,440,,,0
1100,'Week-end-01',947,,431,440,,,0,200,,432,440,,,0,200,,433,440,,,0,200,,434,440,,,0,200,,435,440,,,0,200,,436,440,,,0,200,,437,440,,,0,198,,438,440,,,0
1400,'Fête-1-01',737,,1309,460,,,0,207,,1310,460,,,0,200,,1311,460,,,0,200,,1312,460,,,0,200,,1313,460,,,0,200,,1314,460,,,0,200,,1315,460,,,0,200,,1316,460,,,0,198,,1317,460,,,0,186,,1318,370,,,0
1400,'Fête-2-01',654,,1335,460,,,0,73,,1319,460,,,0,94,,1326,460,,,0,104,,1327,460,,,0,103,,1328,460,,,0,111,,1329,460,,,0,100,,1330,460,,,0,101,,1331,460,,,0,100,,1332,460,,,0,103,,1333,460,,,0,101,,1320,460,,,0,107,,1321,460,,,0,87,,1322,460,,,0,102,,1323,460,,,0,193,,1324,460,,,0,196,,1325,460,,,0,194,,1334,460,,,0
1400,'Semaine-01',654,,539,460,,,0,73,,523,460,,,0,94,,530,460,,,0,104,,531,460,,,0,103,,532,460,,,0,111,,533,460,,,0,100,,534,460,,,0,101,,535,460,,,0,100,,536,460,,,0,103,,537,460,,,0,101,,524,460,,,0,107,,525,460,,,0,87,,526,460,,,0,102,,527,460,,,0,193,,528,460,,,0,196,,529,460,,,0,194,,538,460,,,0
1400,'Week-end-01',737,,540,460,,,0,207,,541,460,,,0,200,,542,460,,,0,200,,543,460,,,0,200,,544,460,,,0,200,,545,460,,,0,200,,546,460,,,0,200,,547,460,,,0,198,,548,460,,,0,186,,549,370,,,0
10000,'Fête-2-01',1653,,1418,510,,,0,70,,1419,510,,,0,25,,1422,510,,,0,85,,1420,510,,,0,84,,1421,510,,,0
10000,'Semaine-01',1653,,719,510,,,0,70,,720,510,,,0,25,,724,510,,,0,85,,722,510,,,0,84,,723,510,,,0
