100,'Fête-1-01',930,,1059,300,,,0,200,,1060,300,,,0,200,,1061,300,,,0,200,,1062,300,,,0,200,,1063,300,,,0,200,,1064,300,,,0,200,,1065,300,,,0,198,,1066,300,,,0
100,'Fête-2-01',918,,1067,300,,,0,100,,1068,300,,,0,100,,1069,300,,,0,121,,1070,300,,,0,100,,1071,300,,,0,100,,1072,300,,,0,93,,1077,300,,,0,100,,1073,300,,,0,95,,1074,300,,,0,106,,1078,300,,,0,101,,1079,300,,,0,195,,1080,300,,,0,197,,1081,300,,,0
100,'Semaine-01',918,,29,300,,,0,100,,30,300,,,0,100,,31,300,,,0,121,,32,300,,,0,100,,33,300,,,0,100,,34,300,,,0,93,,40,300,,,0,100,,35,300,,,0,95,,36,300,,,0,106,,41,300,,,0,101,,42,300,,,0,195,,43,300,,,0,197,,44,300,,,0
100,'Week-end-01',930,,45,300,,,0,200,,46,300,,,0,200,,47,300,,,0,200,,48,300,,,0,200,,49,300,,,0,200,,50,300,,,0,200,,51,300,,,0,198,,52,300,,,0
101,'Fête-1-01',840,,1085,370,,,0,200,,1086,370,,,0,197,,1087,370,,,0,200,,1088,370,,,0,200,,1089,370,,,0,200,,1090,370,,,0,202,,1091,370,,,0,200,,1092,370,,,0
101,'Fête-2-01',828,,1102,430,,,0,102,,1094,430,,,0,98,,1095,430,,,0,100,,1096,430,,,0,105,,1097,430,,,0,102,,1098,430,,,0,100,,1099,430,,,0,101,,1093,430,,,0
101,'Semaine-01',828,,88,430,,,0,102,,80,430,,,0,98,,81,430,,,0,100,,82,430,,,0,105,,83,430,,,0,102,,84,430,,,0,100,,85,430,,,0,101,,79,430,,,0
101,'Week-end-01',840,,95,370,,,0,200,,96,370,,,0,197,,97,370,,,0,200,,98,370,,,0,200,,99,370,,,0,200,,100,370,,,0,202,,101,370,,,0,200,,102,370,,,0
800,'Fête-1-01',920,,1141,170,,,0,200,,1142,170,,,0,200,,1143,170,,,0,200,,1144,170,,,0,200,,1145,170,,,0,199,,1146,170,,,0,200,,1147,170,,,0,198,,1148,170,,,0
800,'Fête-2-01',644,,1149,170,,,0,105,,1150,170,,,0,156,,1159,170,,,0,99,,1160,170,,,0,100,,1151,170,,,0,105,,1152,170,,,0,100,,1161,170,,,0,105,,1162,170,,,0,104,,1163,170,,,0,100,,1153,170,,,0,97,,1154,170,,,0,112,,1155,170,,,0,92,,1156,170,,,0,196,,1157,170,,,0,197,,1158,170,,,0
800,'Semaine-01',644,,191,170,,,0,105,,192,170,,,0,80,,1165,170,,,0,76,,201,170,,,0,99,,202,170,,,0,100,,193,170,,,0,105,,194,170,,,0,100,,203,170,,,0,105,,204,170,,,0,104,,205,170,,,0,100,,195,170,,,0,97,,196,170,,,0,112,,197,170,,,0,92,,198,170,,,0,196,,199,170,,,0,197,,200,170,,,0
800,'Week-end-01',920,,207,170,,,0,200,,208,170,,,0,200,,209,170,,,0,200,,210,170,,,0,200,,211,170,,,0,199,,212,170,,,0,200,,213,170,,,0,198,,214,170,,,0
801,'Fête-1-01',849,,1166,440,,,0,200,,1167,440,,,0,196,,1168,440,,,0,200,,1169,440,,,0,200,,1170,440,,,0,200,,1171,440,,,0,202,,1172,440,,,0,200,,1173,440,,,0
801,'Fête-2-01',636,,1187,320,,,0,189,,1180,440,,,0,112,,1181,440,,,0,100,,1182,440,,,0,103,,1183,440,,,0,103,,1184,440,,,0,104,,1185,440,,,0,101,,1186,440,,,0,97,,1174,440,,,0,104,,1175,440,,,0,97,,1176,440,,,0,101,,1177,440,,,0,194,,1178,440,,,0,200,,1179,440,,,0
801,'Semaine-01',636,,252,320,,,0,189,,245,440,,,0,112,,246,440,,,0,100,,247,440,,,0,103,,248,440,,,0,103,,249,440,,,0,104,,250,440,,,0,101,,251,440,,,0,97,,238,440,,,0,104,,239,440,,,0,69,,1188,450,,,0,28,,241,440,,,0,101,,242,440,,,0,194,,243,440,,,0,200,,244,440,,,0
801,'Week-end-01',849,,253,440,,,0,200,,254,440,,,0,196,,255,440,,,0,200,,256,440,,,0,200,,257,440,,,0,200,,258,440,,,0,202,,259,440,,,0,200,,260,440,,,0
