100,'Fête-1-01',926,,1059,270,,,0,200,,1060,270,,,0,200,,1061,270,,,0,200,,1062,270,,,0,200,,1063,270,,,0,200,,1064,270,,,0,200,,1065,270,,,0,198,,1066,270,,,0
100,'Fête-2-01',915,,1067,270,,,0,100,,1068,270,,,0,100,,1069,270,,,0,121,,1070,270,,,0,100,,1071,270,,,0,100,,1072,270,,,0,93,,1077,270,,,0,100,,1073,270,,,0,95,,1074,270,,,0,106,,1078,270,,,0,101,,1079,270,,,0,195,,1080,270,,,0,197,,1081,270,,,0
100,'Semaine-01',915,,29,270,,,0,100,,30,270,,,0,100,,31,270,,,0,121,,32,270,,,0,100,,33,270,,,0,100,,34,270,,,0,93,,40,270,,,0,100,,35,270,,,0,95,,36,270,,,0,106,,41,270,,,0,101,,42,270,,,0,195,,43,270,,,0,197,,44,270,,,0
100,'Week-end-01',926,,45,270,,,0,200,,46,270,,,0,200,,47,270,,,0,200,,48,270,,,0,200,,49,270,,,0,200,,50,270,,,0,200,,51,270,,,0,198,,52,270,,,0
101,'Fête-1-01',836,,1085,340,,,0,200,,1086,340,,,0,197,,1087,340,,,0,200,,1088,340,,,0,200,,1089,340,,,0,200,,1090,340,,,0,202,,1091,340,,,0,200,,1092,340,,,0
101,'Fête-2-01',825,,1102,400,,,0,102,,1094,400,,,0,98,,1095,400,,,0,100,,1096,400,,,0,105,,1097,400,,,0,102,,1098,400,,,0,100,,1099,400,,,0,101,,1093,400,,,0
101,'Semaine-01',825,,88,400,,,0,102,,80,400,,,0,98,,81,400,,,0,100,,82,400,,,0,105,,83,400,,,0,102,,84,400,,,0,100,,85,400,,,0,101,,79,400,,,0
101,'Week-end-01',836,,95,340,,,0,200,,96,340,,,0,197,,97,340,,,0,200,,98,340,,,0,200,,99,340,,,0,200,,100,340,,,0,202,,101,340,,,0,200,,102,340,,,0
801,'Fête-1-01',845,,1166,410,,,0,200,,1167,410,,,0,196,,1168,410,,,0,200,,1169,410,,,0,200,,1170,410,,,0,200,,1171,410,,,0,202,,1172,410,,,0,200,,1173,410,,,0
801,'Fête-2-01',633,,1187,290,,,0,189,,1180,410,,,0,112,,1181,410,,,0,100,,1182,410,,,0,103,,1183,410,,,0,103,,1184,410,,,0,104,,1185,410,,,0,101,,1186,410,,,0,97,,1174,410,,,0,103,,1175,410,,,0,97,,1176,410,,,0,102,,1177,410,,,0,194,,1178,410,,,0,200,,1179,410,,,0
801,'Semaine-01',633,,252,290,,,0,189,,245,410,,,0,112,,246,410,,,0,100,,247,410,,,0,103,,248,410,,,0,103,,249,410,,,0,104,,250,410,,,0,101,,251,410,,,0,97,,238,410,,,0,103,,239,410,,,0,69,,1188,420,,,0,28,,241,410,,,0,102,,242,410,,,0,194,,243,410,,,0,200,,244,410,,,0
801,'Week-end-01',845,,253,410,,,0,200,,254,410,,,0,196,,255,410,,,0,200,,256,410,,,0,200,,257,410,,,0,200,,258,410,,,0,202,,259,410,,,0,200,,260,410,,,0
40001,'Fête-1-01',645,,1526,210,,,0,109,,1527,210,,,0,100,,1528,210,,,0,100,,1529,210,,,0,101,,1530,210,,,0,100,,1531,210,,,0,100,,1532,210,,,0,98,,1533,210,,,0,98,,1534,210,,,0,100,,1535,210,,,0,100,,1536,210,,,0,100,,1537,210,,,0,100,,1538,210,,,0,101,,1539,210,,,0,100,,1540,210,,,0,100,,1541,210,,,0,101,,1542,210,,,0,100,,1543,210,,,0,100,,1544,210,,,0
40001,'Fête-2-01',441,,1587,210,,,0,63,,1588,210,,,0,30,,1581,210,,,0,70,,1583,210,,,0,10,,1584,210,,,0,20,,1564,210,,,0,20,,1585,210,,,0,55,,1586,210,,,0,30,,1576,210,,,0,70,,1577,210,,,0,10,,1582,210,,,0,13,,1556,30,,,0,17,,1578,210,,,0,58,,1557,30,,,0,42,,1579,210,,,0,58,,1558,30,,,0,19,,1551,210,,,0,23,,1580,210,,,0,58,,1559,30,,,0,42,,1565,210,,,0,58,,1560,30,,,0,20,,1545,210,,,0,22,,1566,210,,,0,63,,1546,30,,,0,42,,1567,210,,,0,58,,1547,30,,,0,42,,1568,210,,,0,60,,1553,210,,,0,18,,1561,30,,,0,22,,1569,210,,,0,58,,1548,30,,,0,43,,1589,210,,,0,66,,1590,330,,,0,27,,1562,330,,,0,71,,1552,210,,,0,25,,1563,330,,,0,72,,1549,210,,,0,31,,1570,210,,,0,70,,1550,30,,,0,30,,1571,210,,,0,70,,1555,30,,,0,32,,1572,210,,,0,68,,1554,30,,,0,28,,1573,210,,,0,100,,1574,210,,,0,103,,1575,210,,,0
40001,'Semaine-01',441,,1036,210,,,0,63,,1037,210,,,0,30,,1030,210,,,0,70,,1032,210,,,0,10,,1033,210,,,0,20,,1013,210,,,0,20,,1034,210,,,0,55,,1035,210,,,0,13,,1591,30,,,0,17,,1025,210,,,0,70,,1026,210,,,0,10,,1031,210,,,0,13,,1004,30,,,0,17,,1027,210,,,0,58,,1005,30,,,0,42,,1028,210,,,0,58,,1006,30,,,0,19,,999,210,,,0,23,,1029,210,,,0,58,,1007,30,,,0,42,,1014,210,,,0,58,,1008,30,,,0,20,,993,210,,,0,22,,1015,210,,,0,63,,994,30,,,0,42,,1016,210,,,0,58,,995,30,,,0,42,,1017,210,,,0,60,,1001,210,,,0,18,,1009,30,,,0,22,,1018,210,,,0,58,,996,30,,,0,43,,1038,210,,,0,66,,1039,330,,,0,27,,1011,330,,,0,71,,1000,210,,,0,25,,1012,330,,,0,72,,997,210,,,0,31,,1019,210,,,0,70,,998,30,,,0,30,,1020,210,,,0,70,,1003,30,,,0,32,,1021,210,,,0,68,,1002,30,,,0,28,,1022,210,,,0,100,,1023,210,,,0,103,,1024,210,,,0
40001,'Week-end-01',645,,1040,210,,,0,109,,1041,210,,,0,100,,1042,210,,,0,100,,1043,210,,,0,101,,1044,210,,,0,100,,1045,210,,,0,100,,1046,210,,,0,98,,1047,210,,,0,98,,1048,210,,,0,100,,1049,210,,,0,100,,1050,210,,,0,100,,1051,210,,,0,100,,1052,210,,,0,101,,1053,210,,,0,100,,1054,210,,,0,100,,1055,210,,,0,101,,1056,210,,,0,100,,1057,210,,,0,100,,1058,210,,,0
