101,'Semaine-01',610,,93,80,,,0,91,,94,80,,,0,57,,88,80,,,0,142,,80,80,,,0,58,,81,80,,,0,100,,82,80,,,0,145,,83,80,,,0,102,,84,80,,,0,100,,85,80,,,0,100,,79,80,,,0,99,,89,80,,,0,111,,91,80,,,0,100,,92,80,,,0,196,,86,80,,,0,197,,87,80,,,0
201,'Semaine-01',747,,132,350,,,0,157,,130,350,,,0,205,,135,220,,,0,207,,133,350,,,0,238,,136,220,,,0,249,,134,350,,,0,122,,131,350,,,0
801,'Fête-1-01',821,,1083,80,,,0,200,,1084,80,,,0,196,,1085,80,,,0,200,,1086,80,,,0,200,,1087,80,,,0,200,,1088,80,,,0,202,,1089,80,,,0,200,,1090,80,,,0
801,'Semaine-01',757,,245,80,,,0,152,,246,80,,,0,100,,247,80,,,0,103,,248,80,,,0,103,,249,80,,,0,104,,250,80,,,0,101,,251,80,,,0,95,,238,80,,,0,104,,239,80,,,0,97,,241,80,,,0,102,,242,80,,,0,195,,243,80,,,0,201,,244,80,,,0
801,'Week-end-01',821,,253,80,,,0,200,,254,80,,,0,196,,255,80,,,0,200,,256,80,,,0,200,,257,80,,,0,200,,258,80,,,0,202,,259,80,,,0,200,,260,80,,,0
1101,'Fête-1-01',811,,1118,80,,,0,198,,1119,80,,,0,200,,1120,80,,,0,200,,1121,80,,,0,200,,1122,80,,,0,200,,1123,80,,,0,200,,1124,80,,,0,200,,1125,80,,,0
1101,'Semaine-01',730,,468,80,,,0,173,,476,80,,,0,100,,477,80,,,0,99,,478,80,,,0,100,,479,80,,,0,100,,480,80,,,0,101,,481,80,,,0,100,,482,80,,,0,100,,483,80,,,0,116,,469,80,,,0,100,,470,80,,,0,85,,471,80,,,0,98,,472,80,,,0,101,,473,80,,,0,100,,474,80,,,0,100,,475,80,,,0
1101,'Week-end-01',811,,488,80,,,0,198,,489,80,,,0,200,,490,80,,,0,200,,491,80,,,0,200,,492,80,,,0,200,,493,80,,,0,200,,494,80,,,0,200,,495,80,,,0
1401,'Fête-1-01',615,,1136,250,,,0,207,,1137,250,,,0,200,,1138,250,,,0,198,,1139,250,,,0,200,,1140,250,,,0,196,,1141,250,,,0,200,,1142,250,,,0,206,,1143,250,,,0,200,,1144,250,,,0
1401,'Semaine-01',614,,577,250,,,0,87,,584,250,,,0,104,,585,250,,,0,106,,586,250,,,0,100,,587,250,,,0,100,,588,250,,,0,99,,589,250,,,0,100,,590,250,,,0,100,,591,250,,,0,101,,578,250,,,0,100,,579,250,,,0,103,,580,250,,,0,103,,581,250,,,0,195,,582,250,,,0,203,,583,250,,,0
1401,'Week-end-01',615,,592,250,,,0,207,,593,250,,,0,200,,594,250,,,0,198,,595,250,,,0,200,,596,250,,,0,196,,597,250,,,0,200,,598,250,,,0,206,,599,250,,,0,200,,600,250,,,0
10001,'Semaine-01',439,,737,80,,,0,70,,732,350,,,0,48,,735,350,,,0,77,,733,350,,,0,71,,734,350,,,0
