1101,'Fête-1-01',825,,1280,310,,,0,198,,1281,310,,,0,200,,1282,310,,,0,200,,1283,310,,,0,200,,1284,310,,,0,200,,1285,310,,,0,200,,1286,310,,,0,200,,1287,310,,,0
1101,'Fête-2-01',516,,1306,170,,,0,32,,1307,170,,,0,85,,1288,170,,,0,25,,1305,170,,,0,87,,1289,310,,,0,173,,1297,310,,,0,100,,1298,310,,,0,100,,1299,310,,,0,100,,1300,310,,,0,100,,1301,310,,,0,99,,1302,310,,,0,102,,1303,310,,,0,100,,1304,310,,,0,111,,1290,310,,,0,105,,1291,310,,,0,83,,1292,310,,,0,98,,1293,310,,,0,100,,1294,310,,,0,100,,1295,310,,,0,100,,1296,310,,,0
1101,'Semaine-01',516,,485,170,,,0,32,,487,170,,,0,85,,467,170,,,0,25,,484,170,,,0,87,,468,310,,,0,173,,476,310,,,0,100,,477,310,,,0,100,,478,310,,,0,100,,479,310,,,0,100,,480,310,,,0,99,,481,310,,,0,102,,482,310,,,0,100,,483,310,,,0,82,,1308,310,,,0,29,,469,310,,,0,105,,470,310,,,0,83,,471,310,,,0,98,,472,310,,,0,100,,473,310,,,0,100,,474,310,,,0,100,,475,310,,,0
1101,'Week-end-01',825,,488,310,,,0,198,,489,310,,,0,200,,490,310,,,0,200,,491,310,,,0,200,,492,310,,,0,200,,493,310,,,0,200,,494,310,,,0,200,,495,310,,,0
1401,'Fête-1-01',626,,1336,370,,,0,207,,1337,370,,,0,200,,1338,370,,,0,198,,1339,370,,,0,200,,1340,370,,,0,196,,1341,370,,,0,200,,1342,370,,,0,206,,1343,370,,,0,200,,1344,370,,,0
1401,'Fête-2-01',623,,1345,370,,,0,87,,1352,370,,,0,104,,1353,370,,,0,106,,1354,370,,,0,100,,1355,370,,,0,100,,1356,370,,,0,99,,1357,370,,,0,100,,1358,370,,,0,100,,1359,370,,,0,101,,1346,370,,,0,100,,1347,370,,,0,103,,1348,370,,,0,102,,1349,370,,,0,195,,1350,370,,,0,203,,1351,370,,,0
1401,'Semaine-01',623,,577,370,,,0,87,,584,370,,,0,38,,1361,370,,,0,66,,585,370,,,0,106,,586,370,,,0,100,,587,370,,,0,100,,588,370,,,0,99,,589,370,,,0,100,,590,370,,,0,100,,591,370,,,0,101,,578,370,,,0,100,,579,370,,,0,30,,1360,370,,,0,73,,580,370,,,0,102,,581,370,,,0,195,,582,370,,,0,203,,583,370,,,0
1401,'Week-end-01',626,,592,370,,,0,207,,593,370,,,0,200,,594,370,,,0,198,,595,370,,,0,200,,596,370,,,0,196,,597,370,,,0,200,,598,370,,,0,206,,599,370,,,0,200,,600,370,,,0
10001,'Fête-2-01',503,,1423,470,,,0,111,,1426,470,,,0,37,,1424,470,,,0,71,,1425,470,,,0
10001,'Semaine-01',503,,732,470,,,0,111,,735,470,,,0,20,,1427,60,,,0,17,,733,470,,,0,71,,734,470,,,0,17,,731,60,,,0
