100,'Fête-1-01',925,,1059,260,,,0,200,,1060,260,,,0,200,,1061,260,,,0,200,,1062,260,,,0,200,,1063,260,,,0,200,,1064,260,,,0,200,,1065,260,,,0,198,,1066,260,,,0
100,'Fête-2-01',913,,1067,260,,,0,100,,1068,260,,,0,100,,1069,260,,,0,121,,1070,260,,,0,100,,1071,260,,,0,100,,1072,260,,,0,93,,1077,260,,,0,100,,1073,260,,,0,95,,1074,260,,,0,106,,1078,260,,,0,101,,1079,260,,,0,195,,1080,260,,,0,197,,1081,260,,,0
100,'Semaine-01',913,,29,260,,,0,100,,30,260,,,0,100,,31,260,,,0,121,,32,260,,,0,100,,33,260,,,0,100,,34,260,,,0,93,,40,260,,,0,100,,35,260,,,0,95,,36,260,,,0,106,,41,260,,,0,101,,42,260,,,0,195,,43,260,,,0,197,,44,260,,,0
100,'Week-end-01',925,,45,260,,,0,200,,46,260,,,0,200,,47,260,,,0,200,,48,260,,,0,200,,49,260,,,0,200,,50,260,,,0,200,,51,260,,,0,198,,52,260,,,0
101,'Fête-1-01',835,,1085,330,,,0,200,,1086,330,,,0,197,,1087,330,,,0,200,,1088,330,,,0,200,,1089,330,,,0,200,,1090,330,,,0,202,,1091,330,,,0,200,,1092,330,,,0
101,'Fête-2-01',823,,1102,390,,,0,102,,1094,390,,,0,98,,1095,390,,,0,100,,1096,390,,,0,105,,1097,390,,,0,102,,1098,390,,,0,100,,1099,390,,,0,101,,1093,390,,,0
101,'Semaine-01',823,,88,390,,,0,102,,80,390,,,0,98,,81,390,,,0,100,,82,390,,,0,105,,83,390,,,0,102,,84,390,,,0,100,,85,390,,,0,101,,79,390,,,0
101,'Week-end-01',835,,95,330,,,0,200,,96,330,,,0,197,,97,330,,,0,200,,98,330,,,0,200,,99,330,,,0,200,,100,330,,,0,202,,101,330,,,0,200,,102,330,,,0
801,'Fête-1-01',844,,1166,400,,,0,200,,1167,400,,,0,196,,1168,400,,,0,200,,1169,400,,,0,200,,1170,400,,,0,200,,1171,400,,,0,202,,1172,400,,,0,200,,1173,400,,,0
801,'Fête-2-01',632,,1187,280,,,0,189,,1180,400,,,0,112,,1181,400,,,0,100,,1182,400,,,0,103,,1183,400,,,0,103,,1184,400,,,0,104,,1185,400,,,0,101,,1186,400,,,0,96,,1174,400,,,0,103,,1175,400,,,0,97,,1176,400,,,0,102,,1177,400,,,0,194,,1178,400,,,0,201,,1179,400,,,0
801,'Semaine-01',632,,252,280,,,0,189,,245,400,,,0,112,,246,400,,,0,100,,247,400,,,0,103,,248,400,,,0,103,,249,400,,,0,104,,250,400,,,0,101,,251,400,,,0,96,,238,400,,,0,103,,239,400,,,0,69,,1188,410,,,0,28,,241,400,,,0,102,,242,400,,,0,194,,243,400,,,0,201,,244,400,,,0
801,'Week-end-01',844,,253,400,,,0,200,,254,400,,,0,196,,255,400,,,0,200,,256,400,,,0,200,,257,400,,,0,200,,258,400,,,0,202,,259,400,,,0,200,,260,400,,,0
1500,'Fête-1-01',921,,1362,250,,,1,100,,1363,250,,,1,100,,1364,250,,,1,100,,1365,250,,,1,102,,1366,250,,,1,100,,1367,250,,,1,100,,1368,250,,,1,100,,1369,250,,,1,100,,1370,250,,,1,99,,1371,250,,,1,100,,1372,250,,,1,198,,1373,250,,,1,200,,1374,250,,,1
1500,'Fête-2-01',719,,1375,250,,,1,91,,1382,250,,,1,99,,1383,250,,,1,100,,1384,250,,,1,100,,1385,250,,,1,108,,1386,250,,,1,96,,1387,250,,,1,100,,1388,250,,,1,100,,1389,250,,,1,107,,1376,250,,,1,104,,1377,250,,,1,97,,1378,250,,,1,102,,1379,250,,,1,194,,1380,250,,,1,201,,1381,250,,,1
1500,'Semaine-01',719,,629,250,,,1,91,,636,250,,,1,99,,637,250,,,1,100,,638,250,,,1,100,,639,250,,,1,108,,640,250,,,1,96,,641,250,,,1,100,,642,250,,,1,100,,643,250,,,1,107,,630,250,,,1,104,,631,250,,,1,97,,632,250,,,1,102,,633,250,,,1,194,,634,250,,,1,201,,635,250,,,1
1500,'Week-end-01',921,,644,250,,,1,100,,645,250,,,1,100,,646,250,,,1,100,,647,250,,,1,102,,648,250,,,1,100,,649,250,,,1,100,,650,250,,,1,100,,651,250,,,1,100,,652,250,,,1,99,,653,250,,,1,100,,654,250,,,1,198,,655,250,,,1,200,,656,250,,,1
1501,'Fête-1-01',845,,1390,290,,,1,100,,1391,290,,,1,100,,1392,290,,,1,100,,1393,290,,,1,100,,1394,290,,,1,100,,1395,290,,,1,98,,1396,290,,,1,100,,1397,290,,,1,100,,1398,290,,,1,100,,1399,290,,,1,100,,1400,290,,,1,202,,1401,290,,,1,200,,1402,290,,,1
1501,'Fête-2-01',643,,1403,290,,,1,95,,1410,290,,,1,98,,1411,290,,,1,98,,1412,290,,,1,100,,1413,290,,,1,105,,1414,290,,,1,101,,1415,290,,,1,100,,1416,290,,,1,100,,1417,290,,,1,99,,1404,290,,,1,101,,1405,290,,,1,105,,1406,290,,,1,91,,1407,290,,,1,205,,1408,290,,,1,198,,1409,290,,,1
1501,'Semaine-01',643,,685,290,,,1,95,,692,290,,,1,98,,693,290,,,1,98,,694,290,,,1,100,,695,290,,,1,105,,696,290,,,1,101,,697,290,,,1,100,,698,290,,,1,100,,699,290,,,1,99,,686,290,,,1,101,,687,290,,,1,105,,688,290,,,1,91,,689,290,,,1,205,,690,290,,,1,198,,691,290,,,1
1501,'Week-end-01',845,,700,290,,,1,100,,701,290,,,1,100,,702,290,,,1,100,,703,290,,,1,100,,704,290,,,1,100,,705,290,,,1,98,,706,290,,,1,100,,707,290,,,1,100,,708,290,,,1,100,,709,290,,,1,100,,710,290,,,1,202,,711,290,,,1,200,,712,290,,,1
30000,'Fête-2-01',631,,1451,300,,,0,198,,1452,300,,,0,383,,1453,300,,,0,398,,1454,300,,,0,120,,1455,300,,,0,95,,1456,300,,,0,92,,1457,300,,,0,492,,1458,300,,,0
30000,'Semaine-01',631,,786,300,,,0,198,,787,300,,,0,383,,788,300,,,0,398,,789,300,,,0,120,,790,300,,,0,95,,791,300,,,0,92,,792,300,,,0,492,,793,300,,,0
30001,'Fête-2-01',453,,1465,200,,,0,65,,1459,200,,,0,35,,1460,200,,,0,70,,1463,200,,,0,20,,1461,200,,,0,75,,1464,200,,,0,30,,1462,200,,,0
30001,'Semaine-01',453,,807,200,,,0,65,,801,200,,,0,35,,802,200,,,0,70,,805,200,,,0,20,,803,200,,,0,75,,806,200,,,0,30,,804,200,,,0
40000,'Fête-1-01',806,,1466,320,0,7,0,110,,1467,320,0,7,0,101,,1468,320,0,7,0,101,,1469,320,0,7,0,100,,1470,320,0,7,0,100,,1471,320,0,7,0,100,,1472,320,0,7,0,100,,1473,320,0,7,0,100,,1474,320,0,7,0,102,,1475,320,0,7,0,100,,1476,320,0,7,0,99,,1477,320,0,7,0,100,,1478,320,0,7,0,98,,1479,320,0,7,0,100,,1480,320,0,7,0,99,,1481,320,0,7,0,100,,1482,320,0,7,0,100,,1483,320,0,7,0,100,,1484,320,0,7,0
40000,'Fête-2-01',702,,1500,320,,,0,43,,1492,320,0,7,0,71,,1524,320,,,0,24,,1525,320,,,0,85,,1493,320,0,7,0,80,,1494,320,0,7,0,20,,1507,320,0,7,0,93,,1516,320,0,7,0,107,,1485,320,0,7,0,100,,1519,320,0,7,0,100,,1520,320,0,7,0,80,,1490,320,0,7,0,40,,1521,320,0,7,0,70,,1522,320,0,7,0,15,,1523,320,0,7,0,15,,1502,320,0,7,0,55,,1503,320,0,7,0,10,,1504,320,0,7,0,10,,1505,320,0,7,0,29,,1506,320,0,7,0,10,,1508,320,0,7,0,57,,1509,320,0,7,0,20,,1510,320,0,7,0,19,,1511,320,0,7,0,93,,1512,320,0,7,0,65,,1491,320,0,7,0,30,,1513,320,0,7,0,70,,1495,320,0,7,0,30,,1514,320,0,7,0,70,,1496,320,0,7,0,30,,1515,320,0,7,0,70,,1497,320,0,7,0,30,,1517,320,0,7,0,165,,1501,320,0,7,0,100,,1518,320,0,7,0
40000,'Semaine-01',702,,883,320,,,0,43,,875,320,0,7,0,71,,907,320,,,0,24,,908,320,,,0,85,,876,320,0,7,0,80,,877,320,0,7,0,20,,890,320,0,7,0,93,,899,320,0,7,0,107,,868,320,0,7,0,100,,902,320,0,7,0,100,,903,320,0,7,0,80,,873,320,0,7,0,40,,904,320,0,7,0,70,,905,320,0,7,0,15,,906,320,0,7,0,15,,885,320,0,7,0,55,,886,320,0,7,0,10,,887,320,0,7,0,10,,888,320,0,7,0,29,,889,320,0,7,0,10,,891,320,0,7,0,57,,892,320,0,7,0,20,,893,320,0,7,0,19,,894,320,0,7,0,93,,895,320,0,7,0,65,,874,320,0,7,0,30,,896,320,0,7,0,70,,878,320,0,7,0,30,,897,320,0,7,0,70,,879,320,0,7,0,30,,898,320,0,7,0,70,,880,320,0,7,0,30,,900,320,0,7,0,165,,884,320,0,7,0,100,,901,320,0,7,0
40000,'Week-end-01',806,,909,320,0,7,0,110,,910,320,0,7,0,101,,911,320,0,7,0,101,,912,320,0,7,0,100,,913,320,0,7,0,100,,914,320,0,7,0,100,,915,320,0,7,0,100,,916,320,0,7,0,100,,917,320,0,7,0,102,,918,320,0,7,0,100,,919,320,0,7,0,99,,920,320,0,7,0,100,,921,320,0,7,0,98,,922,320,0,7,0,100,,923,320,0,7,0,99,,924,320,0,7,0,100,,925,320,0,7,0,100,,926,320,0,7,0,100,,927,320,0,7,0
40001,'Fête-1-01',644,,1526,200,,,0,109,,1527,200,,,0,100,,1528,200,,,0,100,,1529,200,,,0,101,,1530,200,,,0,100,,1531,200,,,0,100,,1532,200,,,0,98,,1533,200,,,0,98,,1534,200,,,0,100,,1535,200,,,0,100,,1536,200,,,0,100,,1537,200,,,0,100,,1538,200,,,0,101,,1539,200,,,0,100,,1540,200,,,0,100,,1541,200,,,0,101,,1542,200,,,0,100,,1543,200,,,0,100,,1544,200,,,0
40001,'Fête-2-01',440,,1587,200,,,0,63,,1588,200,,,0,30,,1581,200,,,0,70,,1583,200,,,0,10,,1584,200,,,0,20,,1564,200,,,0,20,,1585,200,,,0,55,,1586,200,,,0,30,,1576,200,,,0,70,,1577,200,,,0,10,,1582,200,,,0,13,,1556,20,,,0,17,,1578,200,,,0,58,,1557,20,,,0,42,,1579,200,,,0,58,,1558,20,,,0,19,,1551,200,,,0,23,,1580,200,,,0,58,,1559,20,,,0,42,,1565,200,,,0,58,,1560,20,,,0,20,,1545,200,,,0,22,,1566,200,,,0,63,,1546,20,,,0,42,,1567,200,,,0,58,,1547,20,,,0,42,,1568,200,,,0,60,,1553,200,,,0,18,,1561,20,,,0,22,,1569,200,,,0,58,,1548,20,,,0,43,,1589,200,,,0,66,,1590,320,,,0,27,,1562,320,,,0,71,,1552,200,,,0,25,,1563,320,,,0,72,,1549,200,,,0,31,,1570,200,,,0,70,,1550,20,,,0,30,,1571,200,,,0,70,,1555,20,,,0,32,,1572,200,,,0,68,,1554,20,,,0,28,,1573,200,,,0,100,,1574,200,,,0,103,,1575,200,,,0
40001,'Semaine-01',440,,1036,200,,,0,63,,1037,200,,,0,30,,1030,200,,,0,70,,1032,200,,,0,10,,1033,200,,,0,20,,1013,200,,,0,20,,1034,200,,,0,55,,1035,200,,,0,13,,1591,20,,,0,17,,1025,200,,,0,70,,1026,200,,,0,10,,1031,200,,,0,13,,1004,20,,,0,17,,1027,200,,,0,58,,1005,20,,,0,42,,1028,200,,,0,58,,1006,20,,,0,19,,999,200,,,0,23,,1029,200,,,0,58,,1007,20,,,0,42,,1014,200,,,0,58,,1008,20,,,0,20,,993,200,,,0,22,,1015,200,,,0,63,,994,20,,,0,42,,1016,200,,,0,58,,995,20,,,0,42,,1017,200,,,0,60,,1001,200,,,0,18,,1009,20,,,0,22,,1018,200,,,0,58,,996,20,,,0,43,,1038,200,,,0,66,,1039,320,,,0,27,,1011,320,,,0,71,,1000,200,,,0,25,,1012,320,,,0,72,,997,200,,,0,31,,1019,200,,,0,70,,998,20,,,0,30,,1020,200,,,0,70,,1003,20,,,0,32,,1021,200,,,0,68,,1002,20,,,0,28,,1022,200,,,0,100,,1023,200,,,0,103,,1024,200,,,0
40001,'Week-end-01',644,,1040,200,,,0,109,,1041,200,,,0,100,,1042,200,,,0,100,,1043,200,,,0,101,,1044,200,,,0,100,,1045,200,,,0,100,,1046,200,,,0,98,,1047,200,,,0,98,,1048,200,,,0,100,,1049,200,,,0,100,,1050,200,,,0,100,,1051,200,,,0,100,,1052,200,,,0,101,,1053,200,,,0,100,,1054,200,,,0,100,,1055,200,,,0,101,,1056,200,,,0,100,,1057,200,,,0,100,,1058,200,,,0
