100,'Semaine-01',914,,29,270,,,0,100,,30,270,,,0,100,,31,270,,,0,121,,32,270,,,0,100,,33,270,,,0,100,,34,270,,,0,93,,40,270,,,0,100,,35,270,,,0,95,,36,270,,,0,106,,41,270,,,0,101,,42,270,,,0,195,,43,270,,,0,197,,44,270,,,0
100,'Week-end-01',926,,45,270,,,0,200,,46,270,,,0,200,,47,270,,,0,200,,48,270,,,0,200,,49,270,,,0,200,,50,270,,,0,200,,51,270,,,0,198,,52,270,,,0
101,'Semaine-01',824,,88,400,,,0,102,,80,400,,,0,98,,81,400,,,0,100,,82,400,,,0,105,,83,400,,,0,102,,84,400,,,0,100,,85,400,,,0,101,,79,400,,,0
101,'Week-end-01',836,,95,340,,,0,200,,96,340,,,0,197,,97,340,,,0,200,,98,340,,,0,200,,99,340,,,0,200,,100,340,,,0,202,,101,340,,,0,200,,102,340,,,0
801,'Semaine-01',632,,252,300,,,0,189,,245,420,,,0,112,,246,420,,,0,100,,247,420,,,0,103,,248,420,,,0,103,,249,420,,,0,104,,250,420,,,0,101,,251,420,,,0,96,,238,420,,,0,103,,239,420,,,0,69,,240,430,,,0,28,,241,420,,,0,102,,242,420,,,0,194,,243,420,,,0,201,,244,420,,,0
801,'Week-end-01',844,,253,420,,,0,200,,254,420,,,0,196,,255,420,,,0,200,,256,420,,,0,200,,257,420,,,0,200,,258,420,,,0,202,,259,420,,,0,200,,260,420,,,0
1500,'Semaine-01',720,,629,270,,,1,91,,636,270,,,1,99,,637,270,,,1,100,,638,270,,,1,100,,639,270,,,1,108,,640,270,,,1,96,,641,270,,,1,100,,642,270,,,1,100,,643,270,,,1,107,,630,270,,,1,104,,631,270,,,1,97,,632,270,,,1,102,,633,270,,,1,193,,634,270,,,1,201,,635,270,,,1
1500,'Week-end-01',921,,644,270,,,1,100,,645,270,,,1,100,,646,270,,,1,100,,647,270,,,1,102,,648,270,,,1,100,,649,270,,,1,100,,650,270,,,1,100,,651,270,,,1,100,,652,270,,,1,99,,653,270,,,1,100,,654,270,,,1,198,,655,270,,,1,200,,656,270,,,1
1501,'Semaine-01',643,,685,310,,,1,95,,692,310,,,1,99,,693,310,,,1,98,,694,310,,,1,100,,695,310,,,1,105,,696,310,,,1,101,,697,310,,,1,100,,698,310,,,1,100,,699,310,,,1,99,,686,310,,,1,101,,687,310,,,1,104,,688,310,,,1,91,,689,310,,,1,205,,690,310,,,1,198,,691,310,,,1
1501,'Week-end-01',845,,700,310,,,1,100,,701,310,,,1,100,,702,310,,,1,100,,703,310,,,1,100,,704,310,,,1,100,,705,310,,,1,98,,706,310,,,1,100,,707,310,,,1,100,,708,310,,,1,100,,709,310,,,1,100,,710,310,,,1,202,,711,310,,,1,200,,712,310,,,1
30000,'Semaine-01',632,,786,330,,,0,198,,787,330,,,0,383,,788,330,,,0,398,,789,330,,,0,120,,790,330,,,0,95,,791,330,,,0,93,,792,330,,,0,492,,793,330,,,0
30001,'Semaine-01',454,,807,300,,,0,65,,801,300,,,0,35,,802,300,,,0,70,,805,300,,,0,20,,803,300,,,0,75,,806,300,,,0,30,,804,300,,,0
40000,'Semaine-01',703,,883,350,,,0,43,,875,350,0,7,0,71,,907,350,,,0,24,,908,350,,,0,85,,876,350,0,7,0,80,,877,350,0,7,0,20,,890,350,0,7,0,93,,899,350,0,7,0,107,,868,350,0,7,0,100,,902,350,0,7,0,100,,903,350,0,7,0,80,,873,350,0,7,0,40,,904,350,0,7,0,70,,905,350,0,7,0,15,,906,350,0,7,0,15,,885,350,0,7,0,55,,886,350,0,7,0,10,,887,350,0,7,0,10,,888,350,0,7,0,29,,889,350,0,7,0,50,,891,350,0,7,0,18,,892,350,0,7,0,20,,893,350,0,7,0,19,,894,350,0,7,0,93,,895,350,0,7,0,65,,874,350,0,7,0,30,,896,350,0,7,0,70,,878,350,0,7,0,30,,897,350,0,7,0,70,,879,350,0,7,0,30,,898,350,0,7,0,70,,880,350,0,7,0,30,,900,350,0,7,0,165,,884,350,0,7,0,100,,901,350,0,7,0
40000,'Week-end-01',808,,909,350,0,7,0,110,,910,350,0,7,0,101,,911,350,0,7,0,101,,912,350,0,7,0,100,,913,350,0,7,0,100,,914,350,0,7,0,100,,915,350,0,7,0,100,,916,350,0,7,0,100,,917,350,0,7,0,102,,918,350,0,7,0,100,,919,350,0,7,0,99,,920,350,0,7,0,100,,921,350,0,7,0,98,,922,350,0,7,0,100,,923,350,0,7,0,99,,924,350,0,7,0,100,,925,350,0,7,0,100,,926,350,0,7,0,100,,927,350,0,7,0
40001,'Semaine-01',441,,1036,300,,,0,63,,1037,300,,,0,30,,1030,300,,,0,70,,1032,300,,,0,10,,1033,300,,,0,20,,1013,300,,,0,20,,1034,300,,,0,55,,1035,300,,,0,13,,1010,30,,,0,17,,1025,300,,,0,70,,1026,300,,,0,10,,1031,300,,,0,13,,1004,30,,,0,17,,1027,300,,,0,58,,1005,30,,,0,42,,1028,300,,,0,58,,1006,30,,,0,19,,999,300,,,0,23,,1029,300,,,0,58,,1007,30,,,0,42,,1014,300,,,0,58,,1008,30,,,0,20,,993,300,,,0,22,,1015,300,,,0,63,,994,30,,,0,42,,1016,300,,,0,58,,995,30,,,0,42,,1017,300,,,0,60,,1001,300,,,0,18,,1009,30,,,0,22,,1018,300,,,0,58,,996,30,,,0,43,,1038,300,,,0,66,,1039,420,,,0,27,,1011,420,,,0,71,,1000,300,,,0,25,,1012,420,,,0,72,,997,300,,,0,31,,1019,300,,,0,70,,998,30,,,0,30,,1020,300,,,0,70,,1003,30,,,0,32,,1021,300,,,0,68,,1002,30,,,0,28,,1022,300,,,0,100,,1023,300,,,0,104,,1024,300,,,0
40001,'Week-end-01',646,,1040,300,,,0,109,,1041,300,,,0,100,,1042,300,,,0,100,,1043,300,,,0,100,,1044,300,,,0,100,,1045,300,,,0,100,,1046,300,,,0,98,,1047,300,,,0,98,,1048,300,,,0,100,,1049,300,,,0,100,,1050,300,,,0,100,,1051,300,,,0,100,,1052,300,,,0,101,,1053,300,,,0,100,,1054,300,,,0,100,,1055,300,,,0,101,,1056,300,,,0,101,,1057,300,,,0,100,,1058,300,,,0
