101,'Fête-2-01',609,,1106,50,,,0,91,,1107,50,,,0,57,,1102,50,,,0,102,,1094,50,,,0,98,,1095,50,,,0,100,,1096,50,,,0,145,,1097,50,,,0,102,,1098,50,,,0,100,,1099,50,,,0,100,,1093,50,,,0,99,,1103,50,,,0,111,,1104,50,,,0,100,,1105,50,,,0,196,,1100,50,,,0,197,,1101,50,,,0
101,'Semaine-01',609,,93,50,,,0,91,,94,50,,,0,57,,88,50,,,0,102,,80,50,,,0,98,,81,50,,,0,100,,82,50,,,0,145,,83,50,,,0,102,,84,50,,,0,100,,85,50,,,0,100,,79,50,,,0,99,,89,50,,,0,40,,1108,50,4,,0,71,,91,50,,,0,100,,92,50,,,0,196,,86,50,,,0,197,,87,50,,,0
801,'Fête-1-01',820,,1166,50,,,0,200,,1167,50,,,0,196,,1168,50,,,0,200,,1169,50,,,0,200,,1170,50,,,0,200,,1171,50,,,0,202,,1172,50,,,0,200,,1173,50,,,0
801,'Fête-2-01',755,,1180,50,,,0,152,,1181,50,,,0,100,,1182,50,,,0,103,,1183,50,,,0,103,,1184,50,,,0,104,,1185,50,,,0,101,,1186,50,,,0,95,,1174,50,,,0,104,,1175,50,,,0,97,,1176,50,,,0,103,,1177,50,,,0,195,,1178,50,,,0,201,,1179,50,,,0
801,'Semaine-01',755,,245,50,,,0,152,,246,50,,,0,100,,247,50,,,0,103,,248,50,,,0,103,,249,50,,,0,104,,250,50,,,0,101,,251,50,,,0,95,,238,50,,,0,104,,239,50,,,0,29,,1188,60,,,0,68,,241,50,,,0,103,,242,50,,,0,195,,243,50,,,0,201,,244,50,,,0
801,'Week-end-01',820,,253,50,,,0,200,,254,50,,,0,196,,255,50,,,0,200,,256,50,,,0,200,,257,50,,,0,200,,258,50,,,0,202,,259,50,,,0,200,,260,50,,,0
1101,'Fête-1-01',809,,1280,50,,,0,198,,1281,50,,,0,200,,1282,50,,,0,200,,1283,50,,,0,200,,1284,50,,,0,200,,1285,50,,,0,200,,1286,50,,,0,200,,1287,50,,,0
1101,'Fête-2-01',728,,1289,50,,,0,173,,1297,50,,,0,100,,1298,50,,,0,99,,1299,50,,,0,100,,1300,50,,,0,100,,1301,50,,,0,101,,1302,50,,,0,100,,1303,50,,,0,100,,1304,50,,,0,111,,1290,50,,,0,105,,1291,50,,,0,85,,1292,50,,,0,98,,1293,50,,,0,101,,1294,50,,,0,100,,1295,50,,,0,100,,1296,50,,,0
1101,'Semaine-01',728,,468,50,,,0,173,,476,50,,,0,100,,477,50,,,0,99,,478,50,,,0,100,,479,50,,,0,100,,480,50,,,0,101,,481,50,,,0,100,,482,50,,,0,100,,483,50,,,0,41,,1308,50,,,0,70,,469,50,,,0,105,,470,50,,,0,85,,471,50,,,0,98,,472,50,,,0,101,,473,50,,,0,100,,474,50,,,0,100,,475,50,,,0
1101,'Week-end-01',809,,488,50,,,0,198,,489,50,,,0,200,,490,50,,,0,200,,491,50,,,0,200,,492,50,,,0,200,,493,50,,,0,200,,494,50,,,0,200,,495,50,,,0
