100,'Fête-1-01',934,,1059,310,,,0,200,,1060,310,,,0,200,,1061,310,,,0,200,,1062,310,,,0,200,,1063,310,,,0,200,,1064,310,,,0,200,,1065,310,,,0,198,,1066,310,,,0
100,'Fête-2-01',716,,1075,270,,,0,101,,1076,270,,,0,104,,1067,310,,,0,100,,1068,310,,,0,100,,1069,310,,,0,121,,1070,310,,,0,100,,1071,310,,,0,100,,1072,310,,,0,93,,1077,310,,,0,100,,1073,310,,,0,95,,1074,310,,,0,106,,1078,310,,,0,101,,1079,310,,,0,195,,1080,310,,,0,197,,1081,310,,,0
100,'Semaine-01',716,,1083,30,,,0,101,,38,270,,,0,20,,1082,30,,,0,84,,29,310,,,0,100,,30,310,,,0,100,,31,310,,,0,121,,32,310,,,0,100,,33,310,,,0,100,,34,310,,,0,93,,40,310,,,0,100,,35,310,,,0,95,,36,310,,,0,106,,41,310,,,0,101,,42,310,,,0,195,,43,310,,,0,197,,44,310,,,0
100,'Week-end-01',934,,45,310,,,0,200,,46,310,,,0,200,,47,310,,,0,200,,48,310,,,0,200,,49,310,,,0,200,,50,310,,,0,200,,51,310,,,0,198,,52,310,,,0
101,'Fête-1-01',844,,1085,380,,,0,200,,1086,380,,,0,197,,1087,380,,,0,200,,1088,380,,,0,200,,1089,380,,,0,200,,1090,380,,,0,202,,1091,380,,,0,200,,1092,380,,,0
101,'Fête-2-01',636,,1106,400,,,0,91,,1107,400,,,0,103,,1102,440,,,0,102,,1094,440,,,0,98,,1095,440,,,0,100,,1096,440,,,0,105,,1097,440,,,0,103,,1098,440,,,0,100,,1099,440,,,0,101,,1093,440,,,0,92,,1103,400,,,0,110,,1104,400,,,0,100,,1105,400,,,0,196,,1100,400,,,0,196,,1101,400,,,0
101,'Semaine-01',636,,93,400,,,0,91,,94,400,,,0,103,,88,440,,,0,102,,80,440,,,0,98,,81,440,,,0,100,,82,440,,,0,105,,83,440,,,0,103,,84,440,,,0,100,,85,440,,,0,101,,79,440,,,0,92,,89,400,,,0,85,,1109,400,,,0,25,,91,400,,,0,100,,92,400,,,0,196,,86,400,,,0,196,,87,400,,,0
101,'Week-end-01',844,,95,380,,,0,200,,96,380,,,0,197,,97,380,,,0,200,,98,380,,,0,200,,99,380,,,0,200,,100,380,,,0,202,,101,380,,,0,200,,102,380,,,0
501,'Fête-2-01',540,,1131,30,,,0,76,,1132,30,,,0,30,,1133,30,,,0
501,'Semaine-01',540,,148,30,,,0,73,,149,30,,,0,33,,150,30,,,0
901,'Fête-1-01',809,,1219,30,,,0,200,,1220,30,,,0,197,,1221,30,,,0,200,,1222,30,,,0,200,,1223,30,,,0,200,,1224,30,,,0,202,,1225,30,,,0,200,,1226,30,,,0,198,,1227,30,,,0
901,'Fête-2-01',528,,1229,30,,,0,74,,1228,30,,,0,102,,1230,30,,,0,53,,1241,30,,,0,102,,1232,30,,,0,100,,1233,30,,,0,100,,1242,30,,,0,100,,1234,30,,,0,146,,1243,30,,,0,100,,1235,30,,,0,100,,1236,30,,,0,102,,1231,30,,,0,109,,1244,30,,,0,21,,1245,30,,,0,70,,1246,30,,,0,96,,1237,30,,,0,100,,1238,30,,,0,100,,1247,30,,,0,100,,1248,30,,,0,100,,1239,30,,,0,99,,1240,30,,,0
901,'Semaine-01',528,,352,30,,,0,74,,351,30,,,0,102,,353,30,,,0,53,,364,30,,,0,102,,355,30,,,0,100,,356,30,,,0,100,,365,30,,,0,100,,357,30,,,0,146,,366,30,,,0,100,,358,30,,,0,100,,359,30,,,0,102,,354,30,,,0,109,,367,30,,,0,21,,368,30,,,0,70,,369,30,,,0,96,,360,30,,,0,100,,361,30,,,0,100,,370,30,,,0,100,,371,30,,,0,100,,362,30,,,0,99,,363,30,,,0
901,'Week-end-01',809,,372,30,,,0,200,,373,30,,,0,197,,374,30,,,0,200,,375,30,,,0,200,,376,30,,,0,200,,377,30,,,0,202,,378,30,,,0,200,,379,30,,,0,198,,380,30,,,0
1100,'Fête-1-01',921,,1249,30,,,0,200,,1250,30,,,0,200,,1251,30,,,0,200,,1252,30,,,0,200,,1253,30,,,0,200,,1254,30,,,0,200,,1255,30,,,0,198,,1256,30,,,0
1100,'Fête-2-01',610,,1275,30,,,0,101,,1258,30,,,0,103,,1266,30,,,0,37,,1267,30,,,0,100,,1268,30,,,0,152,,1269,30,,,0,100,,1270,30,,,0,48,,1271,30,,,0,100,,1272,30,,,0,100,,1273,30,,,0,100,,1259,30,,,0,151,,1260,30,,,0,55,,1274,30,,,0,100,,1257,30,,,0,100,,1261,30,,,0,94,,1262,30,,,0,100,,1263,30,,,0,100,,1264,30,,,0,98,,1265,30,,,0
1100,'Semaine-01',610,,430,30,,,0,101,,411,30,,,0,103,,420,30,,,0,37,,421,30,,,0,100,,422,30,,,0,152,,423,30,,,0,100,,424,30,,,0,48,,425,30,,,0,100,,426,30,,,0,100,,427,30,,,0,100,,412,30,,,0,71,,1276,30,,,0,80,,413,30,,,0,25,,1278,30,,,0,30,,428,30,,,0,60,,1279,30,,,0,40,,408,30,,,0,100,,415,30,,,0,94,,416,30,,,0,100,,417,30,,,0,100,,418,30,,,0,98,,419,30,,,0
1100,'Week-end-01',921,,431,30,,,0,200,,432,30,,,0,200,,433,30,,,0,200,,434,30,,,0,200,,435,30,,,0,200,,436,30,,,0,200,,437,30,,,0,198,,438,30,,,0
1400,'Fête-1-01',722,,1309,300,,,0,207,,1310,300,,,0,200,,1311,300,,,0,200,,1312,300,,,0,200,,1313,300,,,0,200,,1314,300,,,0,200,,1315,300,,,0,200,,1316,300,,,0,198,,1317,300,,,0
1400,'Fête-2-01',644,,1335,300,,,0,73,,1319,300,,,0,93,,1326,300,,,0,104,,1327,300,,,0,103,,1328,300,,,0,111,,1329,300,,,0,100,,1330,300,,,0,101,,1331,300,,,0,100,,1332,300,,,0,102,,1333,300,,,0,100,,1320,300,,,0,108,,1321,300,,,0,88,,1322,300,,,0,102,,1323,300,,,0,194,,1324,300,,,0,197,,1325,300,,,0,194,,1334,300,,,0
1400,'Semaine-01',644,,539,300,,,0,73,,523,300,,,0,93,,530,300,,,0,104,,531,300,,,0,103,,532,300,,,0,111,,533,300,,,0,100,,534,300,,,0,101,,535,300,,,0,100,,536,300,,,0,102,,537,300,,,0,100,,524,300,,,0,108,,525,300,,,0,88,,526,300,,,0,102,,527,300,,,0,194,,528,300,,,0,197,,529,300,,,0,194,,538,300,,,0
1400,'Week-end-01',722,,540,300,,,0,207,,541,300,,,0,200,,542,300,,,0,200,,543,300,,,0,200,,544,300,,,0,200,,545,300,,,0,200,,546,300,,,0,200,,547,300,,,0,198,,548,300,,,0
1401,'Fête-1-01',634,,1336,470,,,0,207,,1337,470,,,0,200,,1338,470,,,0,198,,1339,470,,,0,200,,1340,470,,,0,198,,1341,470,,,0,200,,1342,470,,,0,204,,1343,470,,,0,200,,1344,470,,,0
1401,'Fête-2-01',633,,1345,470,,,0,89,,1352,470,,,0,105,,1353,470,,,0,105,,1354,470,,,0,100,,1355,470,,,0,100,,1356,470,,,0,99,,1357,470,,,0,100,,1358,470,,,0,100,,1359,470,,,0,101,,1346,470,,,0,101,,1347,470,,,0,103,,1348,470,,,0,101,,1349,470,,,0,195,,1350,470,,,0,203,,1351,470,,,0
1401,'Semaine-01',633,,577,470,,,0,89,,584,470,,,0,105,,585,470,,,0,105,,586,470,,,0,100,,587,470,,,0,100,,588,470,,,0,99,,589,470,,,0,100,,590,470,,,0,100,,591,470,,,0,101,,578,470,,,0,101,,579,470,,,0,103,,580,470,,,0,101,,581,470,,,0,195,,582,470,,,0,203,,583,470,,,0
1401,'Week-end-01',634,,592,470,,,0,207,,593,470,,,0,200,,594,470,,,0,198,,595,470,,,0,200,,596,470,,,0,198,,597,470,,,0,200,,598,470,,,0,204,,599,470,,,0,200,,600,470,,,0
