600,'Semaine-01',543,,156,310,4,,0,109,,154,310,4,,0,207,,155,310,4,,0
601,'Semaine-01',1701,,161,10,0,9,0,55,,162,10,0,9,0,80,,163,10,0,7,0,93,,164,10,0,7,0
800,'Semaine-01',712,,191,580,4,,0,33,,190,410,4,,0,78,,192,580,4,,0,79,,206,580,4,,0,35,,201,580,4,,0,99,,202,580,4,,0,100,,193,580,4,,0,105,,194,580,4,,0,98,,203,580,4,,0,105,,204,580,4,,0,106,,205,580,4,,0,103,,195,580,4,,0,90,,196,580,4,,0,111,,197,580,4,,0,92,,198,580,4,,0,194,,199,580,4,,0,197,,200,580,4,,0
800,'Week-end-01',948,,207,580,4,,0,201,,208,580,4,,0,200,,209,580,4,,0,200,,210,580,4,,0,201,,211,580,4,,0,197,,212,580,4,,0,199,,213,580,4,,0,198,,214,580,4,,0
801,'Semaine-01',753,,245,10,,,0,152,,246,10,,,0,100,,247,10,,,0,103,,248,10,,,0,103,,249,10,,,0,104,,250,10,,,0,101,,251,10,,,0,95,,238,10,,,0,104,,239,10,,,0,29,,240,10,,,0,68,,241,10,,,0,103,,242,10,,,0,195,,243,10,,,0,201,,244,10,,,0
801,'Week-end-01',818,,253,10,,,0,200,,254,10,,,0,196,,255,10,,,0,200,,256,10,,,0,200,,257,10,,,0,200,,258,10,,,0,202,,259,10,,,0,200,,260,10,,,0
1100,'Semaine-01',710,,430,840,4,,0,102,,411,840,4,,0,108,,420,840,4,,0,24,,421,750,4,,0,96,,422,750,4,,0,112,,423,750,4,,0,100,,424,750,4,,0,88,,425,750,4,,0,100,,426,750,4,,0,101,,427,750,4,,0,111,,412,840,4,,0,77,,409,840,4,,0,77,,413,840,4,,0,25,,414,840,4,,0,24,,428,840,4,,0,62,,429,840,4,,0,29,,408,750,4,,0,100,,415,750,4,,0,92,,416,750,4,,0,100,,417,750,4,,0,100,,418,750,4,,0,98,,419,750,4,,0
1100,'Week-end-01',1008,,431,750,4,,0,200,,432,750,4,,0,200,,433,750,4,,0,200,,434,750,4,,0,200,,435,750,4,,0,200,,436,750,4,,0,200,,437,750,4,,0,198,,438,750,4,,0
1101,'Semaine-01',725,,468,10,,,0,133,,476,10,,,0,100,,477,10,,,0,100,,478,10,,,0,100,,479,10,,,0,100,,480,10,,,0,100,,481,10,,,0,100,,482,10,,,0,100,,483,10,,,0,82,,486,10,,,0,75,,469,10,,,0,100,,470,10,,,0,85,,471,10,,,0,58,,472,10,,,0,100,,473,10,,,0,100,,474,10,,,0,100,,475,10,,,0
1101,'Week-end-01',807,,488,10,,,0,198,,489,10,,,0,200,,490,10,,,0,200,,491,10,,,0,200,,492,10,,,0,200,,493,10,,,0,200,,494,10,,,0,200,,495,10,,,0
40000,'Semaine-01',732,,883,730,4,,0,116,,907,730,4,,0,64,,908,730,4,,0
40001,'Semaine-01',1640,,1039,10,,,0,65,,1011,10,,,0,110,,1012,10,,,0
