100,'Fête-1-01',930,,1059,310,,,0,200,,1060,310,,,0,200,,1061,310,,,0,200,,1062,310,,,0,200,,1063,310,,,0,200,,1064,310,,,0,200,,1065,310,,,0,198,,1066,310,,,0
100,'Semaine-01',918,,29,310,,,0,100,,30,310,,,0,100,,31,310,,,0,121,,32,310,,,0,100,,33,310,,,0,100,,34,310,,,0,93,,40,310,,,0,100,,35,310,,,0,95,,36,310,,,0,106,,41,310,,,0,101,,42,310,,,0,195,,43,310,,,0,197,,44,310,,,0
100,'Week-end-01',930,,45,310,,,0,200,,46,310,,,0,200,,47,310,,,0,200,,48,310,,,0,200,,49,310,,,0,200,,50,310,,,0,200,,51,310,,,0,198,,52,310,,,0
101,'Fête-1-01',840,,1067,380,,,0,200,,1068,380,,,0,197,,1069,380,,,0,200,,1070,380,,,0,200,,1071,380,,,0,200,,1072,380,,,0,202,,1073,380,,,0,200,,1074,380,,,0
101,'Semaine-01',828,,88,440,,,0,102,,80,440,,,0,98,,81,440,,,0,100,,82,440,,,0,105,,83,440,,,0,102,,84,440,,,0,100,,85,440,,,0,101,,79,440,,,0
101,'Week-end-01',840,,95,380,,,0,200,,96,380,,,0,197,,97,380,,,0,200,,98,380,,,0,200,,99,380,,,0,200,,100,380,,,0,202,,101,380,,,0,200,,102,380,,,0
800,'Fête-1-01',920,,1075,170,,,0,200,,1076,170,,,0,200,,1077,170,,,0,200,,1078,170,,,0,200,,1079,170,,,0,199,,1080,170,,,0,200,,1081,170,,,0,198,,1082,170,,,0
800,'Semaine-01',644,,191,170,,,0,105,,192,170,,,0,156,,201,170,,,0,99,,202,170,,,0,100,,193,170,,,0,105,,194,170,,,0,100,,203,170,,,0,105,,204,170,,,0,104,,205,170,,,0,100,,195,170,,,0,97,,196,170,,,0,112,,197,170,,,0,92,,198,170,,,0,196,,199,170,,,0,197,,200,170,,,0
800,'Week-end-01',920,,207,170,,,0,200,,208,170,,,0,200,,209,170,,,0,200,,210,170,,,0,200,,211,170,,,0,199,,212,170,,,0,200,,213,170,,,0,198,,214,170,,,0
801,'Fête-1-01',849,,1083,460,,,0,200,,1084,460,,,0,196,,1085,460,,,0,200,,1086,460,,,0,200,,1087,460,,,0,200,,1088,460,,,0,202,,1089,460,,,0,200,,1090,460,,,0
801,'Semaine-01',636,,252,340,,,0,189,,245,460,,,0,112,,246,460,,,0,100,,247,460,,,0,103,,248,460,,,0,103,,249,460,,,0,104,,250,460,,,0,101,,251,460,,,0,97,,238,460,,,0,104,,239,460,,,0,97,,241,460,,,0,101,,242,460,,,0,194,,243,460,,,0,200,,244,460,,,0
801,'Week-end-01',849,,253,460,,,0,200,,254,460,,,0,196,,255,460,,,0,200,,256,460,,,0,200,,257,460,,,0,200,,258,460,,,0,202,,259,460,,,0,200,,260,460,,,0
