1500,'Semaine-01',716,,629,220,,,1,91,,636,220,,,1,99,,637,220,,,1,100,,638,220,,,1,100,,639,220,,,1,108,,640,220,,,1,96,,641,220,,,1,100,,642,220,,,1,100,,643,220,,,1,107,,630,220,,,1,104,,631,220,,,1,97,,632,220,,,1,102,,633,220,,,1,194,,634,220,,,1,202,,635,220,,,1
1500,'Week-end-01',918,,644,220,,,1,100,,645,220,,,1,100,,646,220,,,1,100,,647,220,,,1,102,,648,220,,,1,100,,649,220,,,1,100,,650,220,,,1,100,,651,220,,,1,100,,652,220,,,1,99,,653,220,,,1,100,,654,220,,,1,198,,655,220,,,1,200,,656,220,,,1
1501,'Semaine-01',640,,685,260,,,1,95,,692,260,,,1,98,,693,260,,,1,98,,694,260,,,1,100,,695,260,,,1,105,,696,260,,,1,101,,697,260,,,1,100,,698,260,,,1,100,,699,260,,,1,99,,686,260,,,1,101,,687,260,,,1,105,,688,260,,,1,91,,689,260,,,1,205,,690,260,,,1,198,,691,260,,,1
1501,'Week-end-01',842,,700,260,,,1,100,,701,260,,,1,100,,702,260,,,1,100,,703,260,,,1,100,,704,260,,,1,100,,705,260,,,1,98,,706,260,,,1,100,,707,260,,,1,100,,708,260,,,1,100,,709,260,,,1,100,,710,260,,,1,202,,711,260,,,1,200,,712,260,,,1
30000,'Semaine-01',626,,786,280,,,0,198,,787,280,,,0,383,,788,280,,,0,398,,789,280,,,0,120,,790,280,,,0,95,,791,280,,,0,93,,792,280,,,0,492,,793,280,,,0
30001,'Semaine-01',448,,807,250,,,0,65,,801,250,,,0,35,,802,250,,,0,70,,805,250,,,0,20,,803,250,,,0,75,,806,250,,,0,30,,804,250,,,0
40000,'Semaine-01',657,,883,300,,,0,83,,875,300,0,7,0,71,,907,300,,,0,24,,908,300,,,0,65,,869,300,0,6 7,0,20,,876,300,0,7,0,80,,877,300,0,7,0,20,,890,300,0,7,0,33,,870,300,0,6 7,0,60,,899,300,0,7,0,40,,881,300,0,6 7,0,67,,868,300,0,7,0,80,,871,300,0,6 7,0,20,,902,300,0,7,0,81,,872,300,0,6 7,0,19,,903,300,0,7,0,80,,873,300,0,7,0,23,,882,300,0,6 7,0,17,,904,300,0,7,0,70,,905,300,0,7,0,15,,906,300,0,7,0,15,,885,300,0,7,0,15,,886,300,0,7,0,50,,887,300,0,7,0,10,,888,300,0,7,0,29,,889,300,0,7,0,10,,891,300,0,7,0,58,,892,300,0,7,0,20,,893,300,0,7,0,19,,894,300,0,7,0,93,,895,300,0,7,0,65,,874,300,0,7,0,30,,896,300,0,7,0,70,,878,300,0,7,0,30,,897,300,0,7,0,70,,879,300,0,7,0,30,,898,300,0,7,0,70,,880,300,0,7,0,30,,900,300,0,7,0,165,,884,300,0,7,0,100,,901,300,0,7,0
40000,'Week-end-01',801,,909,300,0,7,0,110,,910,300,0,7,0,101,,911,300,0,7,0,101,,912,300,0,7,0,100,,913,300,0,7,0,100,,914,300,0,7,0,100,,915,300,0,7,0,100,,916,300,0,7,0,100,,917,300,0,7,0,102,,918,300,0,7,0,100,,919,300,0,7,0,99,,920,300,0,7,0,100,,921,300,0,7,0,98,,922,300,0,7,0,100,,923,300,0,7,0,99,,924,300,0,7,0,100,,925,300,0,7,0,100,,926,300,0,7,0,100,,927,300,0,7,0
40001,'Semaine-01',435,,1036,250,,,0,23,,1037,250,,,0,70,,1030,250,,,0,30,,1032,250,,,0,50,,1033,250,,,0,20,,1013,250,,,0,20,,1034,250,,,0,55,,1035,250,,,0,30,,1025,250,,,0,70,,1026,250,,,0,10,,1031,250,,,0,30,,1027,250,,,0,100,,1028,250,,,0,77,,999,250,,,0,23,,1029,250,,,0,100,,1014,250,,,0,78,,993,250,,,0,22,,1015,250,,,0,105,,1016,250,,,0,100,,1017,250,,,0,60,,1001,250,,,0,40,,1018,250,,,0,101,,1038,250,,,0,66,,1039,370,,,0,27,,1011,370,,,0,71,,1000,250,,,0,25,,1012,370,,,0,72,,997,250,,,0,31,,1019,250,,,0,100,,1020,250,,,0,102,,1021,250,,,0,96,,1022,250,,,0,100,,1023,250,,,0,104,,1024,250,,,0
40001,'Week-end-01',640,,1040,250,,,0,109,,1041,250,,,0,100,,1042,250,,,0,100,,1043,250,,,0,100,,1044,250,,,0,100,,1045,250,,,0,100,,1046,250,,,0,98,,1047,250,,,0,98,,1048,250,,,0,100,,1049,250,,,0,100,,1050,250,,,0,100,,1051,250,,,0,100,,1052,250,,,0,101,,1053,250,,,0,100,,1054,250,,,0,100,,1055,250,,,0,101,,1056,250,,,0,101,,1057,250,,,0,100,,1058,250,,,0
