100,'Fête-2-01',738,,1075,550,,,0,101,,1076,550,,,0,103,,1067,590,,,0,100,,1068,590,,,0,100,,1069,590,,,0,161,,1070,590,,,0,101,,1071,590,,,0,100,,1072,590,,,0,53,,1077,590,,,0,101,,1073,590,,,0,94,,1074,590,,,0,106,,1078,590,,,0,101,,1079,590,,,0,195,,1080,590,,,0,197,,1081,590,,,0
100,'Semaine-01',738,,1083,310,,,0,101,,38,550,,,0,20,,1082,310,,,0,83,,29,590,,,0,100,,30,590,,,0,100,,31,590,,,0,161,,32,590,,,0,101,,33,590,,,0,100,,34,590,,,0,53,,40,590,,,0,101,,35,590,,,0,94,,36,590,,,0,106,,41,590,,,0,101,,42,590,,,0,195,,43,590,,,0,197,,44,590,,,0
200,'Fête-2-01',1028,,1117,70,0,8,0,174,,1111,70,,,0,308,,1118,70,0,8,0,130,,1112,70,,,0,179,,1113,70,,,0
200,'Semaine-01',1028,,119,70,0,8,0,174,,113,70,,,0,308,,120,70,0,8,0,130,,114,70,,,0,179,,115,70,,,0
800,'Fête-1-01',944,,1141,490,,,0,201,,1142,490,,,0,200,,1143,490,,,0,200,,1144,490,,,0,201,,1145,490,,,0,197,,1146,490,,,0,199,,1147,490,,,0,198,,1148,490,,,0
800,'Fête-2-01',708,,1149,490,,,0,110,,1150,490,,,0,114,,1159,490,,,0,99,,1160,490,,,0,100,,1151,490,,,0,105,,1152,490,,,0,98,,1161,490,,,0,105,,1162,490,,,0,106,,1163,490,,,0,102,,1153,490,,,0,92,,1154,490,,,0,111,,1155,490,,,0,92,,1156,490,,,0,194,,1157,490,,,0,197,,1158,490,,,0
800,'Semaine-01',708,,191,490,,,0,32,,1164,320,,,0,78,,192,490,,,0,39,,1165,490,,,0,75,,201,490,,,0,99,,202,490,,,0,100,,193,490,,,0,105,,194,490,,,0,98,,203,490,,,0,105,,204,490,,,0,106,,205,490,,,0,102,,195,490,,,0,92,,196,490,,,0,111,,197,490,,,0,92,,198,490,,,0,194,,199,490,,,0,197,,200,490,,,0
800,'Week-end-01',944,,207,490,,,0,201,,208,490,,,0,200,,209,490,,,0,200,,210,490,,,0,201,,211,490,,,0,197,,212,490,,,0,199,,213,490,,,0,198,,214,490,,,0
1100,'Fête-1-01',950,,1249,470,,,0,200,,1250,470,,,0,200,,1251,470,,,0,200,,1252,470,,,0,200,,1253,470,,,0,200,,1254,470,,,0,200,,1255,470,,,0,198,,1256,470,,,0
1100,'Fête-2-01',639,,1275,470,,,0,101,,1258,470,,,0,103,,1266,470,,,0,77,,1267,470,,,0,100,,1268,470,,,0,112,,1269,470,,,0,100,,1270,470,,,0,88,,1271,470,,,0,100,,1272,470,,,0,100,,1273,470,,,0,100,,1259,470,,,0,112,,1260,470,,,0,95,,1274,470,,,0,99,,1257,470,,,0,100,,1261,470,,,0,93,,1262,470,,,0,100,,1263,470,,,0,100,,1264,470,,,0,98,,1265,470,,,0
1100,'Semaine-01',639,,430,470,,,0,101,,411,470,,,0,100,,1277,330,,,0,3,,420,470,,,0,77,,421,470,,,0,100,,422,470,,,0,112,,423,470,,,0,100,,424,470,,,0,88,,425,470,,,0,100,,426,470,,,0,100,,427,470,,,0,100,,412,470,,,0,32,,1276,470,,,0,80,,413,470,,,0,25,,1278,470,,,0,70,,428,470,,,0,19,,1279,470,,,0,80,,408,470,,,0,100,,415,470,,,0,93,,416,470,,,0,100,,417,470,,,0,100,,418,470,,,0,98,,419,470,,,0
1100,'Week-end-01',950,,431,470,,,0,200,,432,470,,,0,200,,433,470,,,0,200,,434,470,,,0,200,,435,470,,,0,200,,436,470,,,0,200,,437,470,,,0,198,,438,470,,,0
1400,'Fête-1-01',740,,1309,490,,,0,207,,1310,490,,,0,200,,1311,490,,,0,200,,1312,490,,,0,200,,1313,490,,,0,200,,1314,490,,,0,200,,1315,490,,,0,200,,1316,490,,,0,198,,1317,490,,,0,187,,1318,400,,,0
1400,'Fête-2-01',657,,1335,490,,,0,73,,1319,490,,,0,94,,1326,490,,,0,104,,1327,490,,,0,103,,1328,490,,,0,111,,1329,490,,,0,100,,1330,490,,,0,101,,1331,490,,,0,100,,1332,490,,,0,103,,1333,490,,,0,101,,1320,490,,,0,107,,1321,490,,,0,87,,1322,490,,,0,102,,1323,490,,,0,193,,1324,490,,,0,196,,1325,490,,,0,194,,1334,490,,,0
1400,'Semaine-01',657,,539,490,,,0,73,,523,490,,,0,94,,530,490,,,0,104,,531,490,,,0,103,,532,490,,,0,111,,533,490,,,0,100,,534,490,,,0,101,,535,490,,,0,100,,536,490,,,0,103,,537,490,,,0,101,,524,490,,,0,107,,525,490,,,0,87,,526,490,,,0,102,,527,490,,,0,193,,528,490,,,0,196,,529,490,,,0,194,,538,490,,,0
1400,'Week-end-01',740,,540,490,,,0,207,,541,490,,,0,200,,542,490,,,0,200,,543,490,,,0,200,,544,490,,,0,200,,545,490,,,0,200,,546,490,,,0,200,,547,490,,,0,198,,548,490,,,0,187,,549,400,,,0
10000,'Fête-2-01',1656,,1418,540,,,0,70,,1419,540,,,0,25,,1422,540,,,0,85,,1420,540,,,0,84,,1421,540,,,0
10000,'Semaine-01',1656,,719,540,,,0,70,,720,540,,,0,25,,724,540,,,0,85,,722,540,,,0,84,,723,540,,,0
40000,'Semaine-01',725,,883,540,,,0,116,,907,540,,,0,64,,908,540,,,0
