100,'Semaine-01',741,,28,350,,,0,101,,38,590,,,0,60,,27,350,,,0,43,,29,640,,,0,100,,30,640,,,0,100,,31,640,,,0,161,,32,640,,,0,101,,33,640,,,0,100,,34,640,,,0,93,,40,640,,,0,101,,35,640,,,0,54,,36,640,,,0,146,,41,640,,,0,101,,42,640,,,0,155,,43,640,,,0,197,,44,640,,,0
200,'Semaine-01',1030,,119,120,0,8,0,174,,113,120,,,0,309,,120,120,0,8,0,131,,114,120,,,0,177,,115,120,,,0
600,'Semaine-01',539,,156,280,,,0,109,,154,280,,,0,207,,155,280,,,0
800,'Semaine-01',710,,191,550,,,0,33,,190,380,,,0,78,,192,550,,,0,79,,206,550,,,0,35,,201,550,,,0,99,,202,550,,,0,100,,193,550,,,0,105,,194,550,,,0,98,,203,550,,,0,105,,204,550,,,0,106,,205,550,,,0,102,,195,550,,,0,91,,196,550,,,0,111,,197,550,,,0,92,,198,550,,,0,194,,199,550,,,0,197,,200,550,,,0
800,'Week-end-01',946,,207,550,,,0,201,,208,550,,,0,200,,209,550,,,0,200,,210,550,,,0,201,,211,550,,,0,197,,212,550,,,0,199,,213,550,,,0,198,,214,550,,,0
1100,'Semaine-01',641,,430,510,,,0,102,,411,510,,,0,101,,410,370,,,0,3,,420,510,,,0,77,,421,510,,,0,98,,422,510,,,0,112,,423,510,,,0,100,,424,510,,,0,88,,425,510,,,0,100,,426,510,,,0,100,,427,510,,,0,100,,412,510,,,0,34,,409,510,,,0,80,,413,510,,,0,65,,414,510,,,0,25,,428,510,,,0,23,,429,510,,,0,79,,408,510,,,0,100,,415,510,,,0,93,,416,510,,,0,100,,417,510,,,0,100,,418,510,,,0,98,,419,510,,,0
1100,'Week-end-01',952,,431,510,,,0,200,,432,510,,,0,200,,433,510,,,0,200,,434,510,,,0,200,,435,510,,,0,200,,436,510,,,0,200,,437,510,,,0,198,,438,510,,,0
1400,'Semaine-01',659,,539,530,,,0,73,,523,530,,,0,94,,530,530,,,0,104,,531,530,,,0,103,,532,530,,,0,111,,533,530,,,0,100,,534,530,,,0,101,,535,530,,,0,100,,536,530,,,0,103,,537,530,,,0,101,,524,530,,,0,107,,525,530,,,0,86,,526,530,,,0,102,,527,530,,,0,193,,528,530,,,0,196,,529,530,,,0,194,,538,530,,,0
1400,'Week-end-01',748,,540,530,,,0,200,,541,530,,,0,200,,542,530,,,0,200,,543,530,,,0,200,,544,530,,,0,200,,545,530,,,0,200,,546,530,,,0,200,,547,530,,,0,198,,548,530,,,0,187,,549,440,,,0
10000,'Semaine-01',1652,,719,580,,,0,68,,720,580,,,0,25,,724,580,,,0,82,,722,580,,,0,15,,721,580,,,0,69,,723,580,,,0
40000,'Semaine-01',729,,883,700,,,0,116,,907,700,,,0,64,,908,700,,,0
