1100,'Fête-1-01',944,,1249,400,,,0,200,,1250,400,,,0,200,,1251,400,,,0,200,,1252,400,,,0,200,,1253,400,,,0,200,,1254,400,,,0,200,,1255,400,,,0,198,,1256,400,,,0
1100,'Fête-2-01',633,,1275,400,,,0,101,,1258,400,,,0,103,,1266,400,,,0,77,,1267,400,,,0,100,,1268,400,,,0,112,,1269,400,,,0,100,,1270,400,,,0,88,,1271,400,,,0,100,,1272,400,,,0,100,,1273,400,,,0,100,,1259,400,,,0,112,,1260,400,,,0,95,,1274,400,,,0,99,,1257,400,,,0,100,,1261,400,,,0,93,,1262,400,,,0,100,,1263,400,,,0,100,,1264,400,,,0,98,,1265,400,,,0
1100,'Semaine-01',633,,430,400,,,0,101,,411,400,,,0,99,,1277,260,,,0,4,,420,400,,,0,77,,421,400,,,0,100,,422,400,,,0,112,,423,400,,,0,100,,424,400,,,0,88,,425,400,,,0,100,,426,400,,,0,100,,427,400,,,0,100,,412,400,,,0,32,,1276,400,,,0,80,,413,400,,,0,25,,1278,400,,,0,70,,428,400,,,0,19,,1279,400,,,0,80,,408,400,,,0,100,,415,400,,,0,93,,416,400,,,0,100,,417,400,,,0,100,,418,400,,,0,98,,419,400,,,0
1100,'Week-end-01',944,,431,400,,,0,200,,432,400,,,0,200,,433,400,,,0,200,,434,400,,,0,200,,435,400,,,0,200,,436,400,,,0,200,,437,400,,,0,198,,438,400,,,0
1400,'Fête-1-01',733,,1309,420,,,0,207,,1310,420,,,0,200,,1311,420,,,0,200,,1312,420,,,0,200,,1313,420,,,0,200,,1314,420,,,0,200,,1315,420,,,0,200,,1316,420,,,0,198,,1317,420,,,0,187,,1318,330,,,0
1400,'Fête-2-01',651,,1335,420,,,0,73,,1319,420,,,0,94,,1326,420,,,0,104,,1327,420,,,0,103,,1328,420,,,0,111,,1329,420,,,0,100,,1330,420,,,0,101,,1331,420,,,0,100,,1332,420,,,0,103,,1333,420,,,0,101,,1320,420,,,0,107,,1321,420,,,0,87,,1322,420,,,0,102,,1323,420,,,0,193,,1324,420,,,0,196,,1325,420,,,0,194,,1334,420,,,0
1400,'Semaine-01',651,,539,420,,,0,73,,523,420,,,0,94,,530,420,,,0,104,,531,420,,,0,103,,532,420,,,0,111,,533,420,,,0,100,,534,420,,,0,101,,535,420,,,0,100,,536,420,,,0,103,,537,420,,,0,101,,524,420,,,0,107,,525,420,,,0,87,,526,420,,,0,102,,527,420,,,0,193,,528,420,,,0,196,,529,420,,,0,194,,538,420,,,0
1400,'Week-end-01',733,,540,420,,,0,207,,541,420,,,0,200,,542,420,,,0,200,,543,420,,,0,200,,544,420,,,0,200,,545,420,,,0,200,,546,420,,,0,200,,547,420,,,0,198,,548,420,,,0,187,,549,330,,,0
10000,'Fête-2-01',1650,,1418,470,,,0,70,,1419,470,,,0,24,,1422,470,,,0,85,,1420,470,,,0,84,,1421,470,,,0
10000,'Semaine-01',1650,,719,470,,,0,70,,720,470,,,0,24,,724,470,,,0,85,,722,470,,,0,84,,723,470,,,0
