201,'Fête-2-01',741,,1121,270,,,0,116,,1119,270,,,0,245,,1124,140,,,0,207,,1122,270,,,0,239,,1125,140,,,0,209,,1123,270,,,0,163,,1120,270,,,0
201,'Semaine-01',741,,132,270,,,0,116,,130,270,,,0,245,,135,140,,,0,207,,133,270,,,0,239,,136,140,,,0,209,,134,270,,,0,163,,131,270,,,0
1100,'Fête-1-01',1007,,1249,740,,,0,200,,1250,740,,,0,200,,1251,740,,,0,200,,1252,740,,,0,200,,1253,740,,,0,200,,1254,740,,,0,200,,1255,740,,,0,198,,1256,740,,,0
1100,'Fête-2-01',708,,1275,830,,,0,102,,1258,830,,,0,108,,1266,830,,,0,24,,1267,740,,,0,96,,1268,740,,,0,112,,1269,740,,,0,100,,1270,740,,,0,88,,1271,740,,,0,100,,1272,740,,,0,101,,1273,740,,,0,111,,1259,830,,,0,154,,1260,830,,,0,54,,1274,830,,,0,86,,1257,740,,,0,100,,1261,740,,,0,92,,1262,740,,,0,100,,1263,740,,,0,100,,1264,740,,,0,98,,1265,740,,,0
1100,'Semaine-01',708,,430,830,,,0,102,,411,830,,,0,108,,420,830,,,0,24,,421,740,,,0,96,,422,740,,,0,112,,423,740,,,0,100,,424,740,,,0,88,,425,740,,,0,100,,426,740,,,0,101,,427,740,,,0,111,,412,830,,,0,77,,1276,830,,,0,77,,413,830,,,0,25,,1278,830,,,0,29,,428,830,,,0,57,,1279,830,,,0,29,,408,740,,,0,100,,415,740,,,0,92,,416,740,,,0,100,,417,740,,,0,100,,418,740,,,0,98,,419,740,,,0
1100,'Week-end-01',1007,,431,740,,,0,200,,432,740,,,0,200,,433,740,,,0,200,,434,740,,,0,200,,435,740,,,0,200,,436,740,,,0,200,,437,740,,,0,198,,438,740,,,0
1401,'Fête-1-01',611,,1336,170,,,0,207,,1337,170,,,0,200,,1338,170,,,0,198,,1339,170,,,0,200,,1340,170,,,0,196,,1341,170,,,0,200,,1342,170,,,0,206,,1343,170,,,0,200,,1344,170,,,0
1401,'Fête-2-01',610,,1345,170,,,0,47,,1352,170,,,0,144,,1353,170,,,0,106,,1354,170,,,0,100,,1355,170,,,0,99,,1356,170,,,0,99,,1357,170,,,0,100,,1358,170,,,0,100,,1359,170,,,0,101,,1346,170,,,0,100,,1347,170,,,0,103,,1348,170,,,0,104,,1349,170,,,0,195,,1350,170,,,0,203,,1351,170,,,0
1401,'Semaine-01',610,,577,170,,,0,47,,584,170,,,0,78,,1361,170,,,0,66,,585,170,,,0,106,,586,170,,,0,100,,587,170,,,0,99,,588,170,,,0,99,,589,170,,,0,100,,590,170,,,0,100,,591,170,,,0,101,,578,170,,,0,100,,579,170,,,0,30,,1360,170,,,0,73,,580,170,,,0,104,,581,170,,,0,195,,582,170,,,0,203,,583,170,,,0
1401,'Week-end-01',611,,592,170,,,0,207,,593,170,,,0,200,,594,170,,,0,198,,595,170,,,0,200,,596,170,,,0,196,,597,170,,,0,200,,598,170,,,0,206,,599,170,,,0,200,,600,170,,,0
10001,'Fête-2-01',450,,1423,270,,,0,109,,1426,270,,,0,77,,1424,270,,,0,71,,1425,270,,,0
10001,'Semaine-01',450,,732,270,,,0,109,,735,270,,,0,77,,733,270,,,0,71,,734,270,,,0
