100,'Fête-2-01',715,,1075,260,,,0,100,,1076,260,,,0
100,'Semaine-01',715,,1083,20,,,0,100,,38,260,,,0,20,,1082,20,,,0
101,'Fête-2-01',634,,1106,390,,,0,91,,1107,390,,,0,904,,1103,390,,,0,110,,1104,390,,,0,100,,1105,390,,,0,196,,1100,390,,,0,196,,1101,390,,,0
101,'Semaine-01',634,,93,390,,,0,91,,94,390,,,0,904,,89,390,,,0,85,,1109,390,,,0,25,,91,390,,,0,100,,92,390,,,0,196,,86,390,,,0,196,,87,390,,,0
501,'Fête-2-01',538,,1131,20,,,0,76,,1132,20,,,0,30,,1133,20,,,0
501,'Semaine-01',538,,148,20,,,0,73,,149,20,,,0,33,,150,20,,,0
901,'Fête-1-01',807,,1219,20,,,0,200,,1220,20,,,0,197,,1221,20,,,0,200,,1222,20,,,0,200,,1223,20,,,0,200,,1224,20,,,0,202,,1225,20,,,0,200,,1226,20,,,0,198,,1227,20,,,0
901,'Fête-2-01',526,,1229,20,,,0,74,,1228,20,,,0,102,,1230,20,,,0,53,,1241,20,,,0,102,,1232,20,,,0,100,,1233,20,,,0,100,,1242,20,,,0,100,,1234,20,,,0,146,,1243,20,,,0,100,,1235,20,,,0,100,,1236,20,,,0,102,,1231,20,,,0,109,,1244,20,,,0,21,,1245,20,,,0,70,,1246,20,,,0,96,,1237,20,,,0,100,,1238,20,,,0,100,,1247,20,,,0,100,,1248,20,,,0,100,,1239,20,,,0,99,,1240,20,,,0
901,'Semaine-01',526,,352,20,,,0,74,,351,20,,,0,102,,353,20,,,0,53,,364,20,,,0,102,,355,20,,,0,100,,356,20,,,0,100,,365,20,,,0,100,,357,20,,,0,146,,366,20,,,0,100,,358,20,,,0,100,,359,20,,,0,102,,354,20,,,0,109,,367,20,,,0,21,,368,20,,,0,70,,369,20,,,0,96,,360,20,,,0,100,,361,20,,,0,100,,370,20,,,0,100,,371,20,,,0,100,,362,20,,,0,99,,363,20,,,0
901,'Week-end-01',807,,372,20,,,0,200,,373,20,,,0,197,,374,20,,,0,200,,375,20,,,0,200,,376,20,,,0,200,,377,20,,,0,202,,378,20,,,0,200,,379,20,,,0,198,,380,20,,,0
1100,'Fête-1-01',920,,1249,20,,,0,200,,1250,20,,,0,200,,1251,20,,,0,200,,1252,20,,,0,200,,1253,20,,,0,200,,1254,20,,,0,200,,1255,20,,,0,198,,1256,20,,,0
1100,'Fête-2-01',609,,1275,20,,,0,101,,1258,20,,,0,103,,1266,20,,,0,37,,1267,20,,,0,100,,1268,20,,,0,152,,1269,20,,,0,100,,1270,20,,,0,48,,1271,20,,,0,100,,1272,20,,,0,100,,1273,20,,,0,100,,1259,20,,,0,150,,1260,20,,,0,55,,1274,20,,,0,101,,1257,20,,,0,100,,1261,20,,,0,94,,1262,20,,,0,100,,1263,20,,,0,100,,1264,20,,,0,98,,1265,20,,,0
1100,'Semaine-01',609,,430,20,,,0,101,,411,20,,,0,103,,420,20,,,0,37,,421,20,,,0,100,,422,20,,,0,152,,423,20,,,0,100,,424,20,,,0,48,,425,20,,,0,100,,426,20,,,0,100,,427,20,,,0,100,,412,20,,,0,70,,1276,20,,,0,80,,413,20,,,0,25,,1278,20,,,0,30,,428,20,,,0,61,,1279,20,,,0,40,,408,20,,,0,100,,415,20,,,0,94,,416,20,,,0,100,,417,20,,,0,100,,418,20,,,0,98,,419,20,,,0
1100,'Week-end-01',920,,431,20,,,0,200,,432,20,,,0,200,,433,20,,,0,200,,434,20,,,0,200,,435,20,,,0,200,,436,20,,,0,200,,437,20,,,0,198,,438,20,,,0
1400,'Fête-1-01',720,,1309,290,,,0,207,,1310,290,,,0,200,,1311,290,,,0,200,,1312,290,,,0,200,,1313,290,,,0,200,,1314,290,,,0,200,,1315,290,,,0,200,,1316,290,,,0,198,,1317,290,,,0
1400,'Fête-2-01',643,,1335,290,,,0,73,,1319,290,,,0,92,,1326,290,,,0,105,,1327,290,,,0,103,,1328,290,,,0,111,,1329,290,,,0,100,,1330,290,,,0,100,,1331,290,,,0,100,,1332,290,,,0,102,,1333,290,,,0,100,,1320,290,,,0,108,,1321,290,,,0,89,,1322,290,,,0,102,,1323,290,,,0,194,,1324,290,,,0,197,,1325,290,,,0,194,,1334,290,,,0
1400,'Semaine-01',643,,539,290,,,0,73,,523,290,,,0,92,,530,290,,,0,105,,531,290,,,0,103,,532,290,,,0,111,,533,290,,,0,100,,534,290,,,0,100,,535,290,,,0,100,,536,290,,,0,102,,537,290,,,0,100,,524,290,,,0,108,,525,290,,,0,89,,526,290,,,0,102,,527,290,,,0,194,,528,290,,,0,197,,529,290,,,0,194,,538,290,,,0
1400,'Week-end-01',720,,540,290,,,0,207,,541,290,,,0,200,,542,290,,,0,200,,543,290,,,0,200,,544,290,,,0,200,,545,290,,,0,200,,546,290,,,0,200,,547,290,,,0,198,,548,290,,,0
1401,'Fête-1-01',632,,1336,460,,,0,207,,1337,460,,,0,200,,1338,460,,,0,198,,1339,460,,,0,200,,1340,460,,,0,198,,1341,460,,,0,200,,1342,460,,,0,204,,1343,460,,,0,200,,1344,460,,,0
1401,'Fête-2-01',631,,1345,460,,,0,89,,1352,460,,,0,105,,1353,460,,,0,105,,1354,460,,,0,100,,1355,460,,,0,100,,1356,460,,,0,99,,1357,460,,,0,100,,1358,460,,,0,100,,1359,460,,,0,101,,1346,460,,,0,101,,1347,460,,,0,103,,1348,460,,,0,101,,1349,460,,,0,195,,1350,460,,,0,203,,1351,460,,,0
1401,'Semaine-01',631,,577,460,,,0,89,,584,460,,,0,105,,585,460,,,0,105,,586,460,,,0,100,,587,460,,,0,100,,588,460,,,0,99,,589,460,,,0,100,,590,460,,,0,100,,591,460,,,0,101,,578,460,,,0,101,,579,460,,,0,103,,580,460,,,0,101,,581,460,,,0,195,,582,460,,,0,203,,583,460,,,0
1401,'Week-end-01',632,,592,460,,,0,207,,593,460,,,0,200,,594,460,,,0,198,,595,460,,,0,200,,596,460,,,0,198,,597,460,,,0,200,,598,460,,,0,204,,599,460,,,0,200,,600,460,,,0
