801,'Fête-1-01',828,,1166,140,,,0,200,,1167,140,,,0,196,,1168,140,,,0,200,,1169,140,,,0,200,,1170,140,,,0,200,,1171,140,,,0,202,,1172,140,,,0,200,,1173,140,,,0
801,'Fête-2-01',616,,1187,20,,,0,188,,1180,140,,,0,112,,1181,140,,,0,100,,1182,140,,,0,103,,1183,140,,,0,103,,1184,140,,,0,104,,1185,140,,,0,101,,1186,140,,,0,95,,1174,140,,,0,104,,1175,140,,,0,97,,1176,140,,,0,102,,1177,140,,,0,195,,1178,140,,,0,201,,1179,140,,,0
801,'Semaine-01',616,,252,20,,,0,188,,245,140,,,0,112,,246,140,,,0,100,,247,140,,,0,103,,248,140,,,0,103,,249,140,,,0,104,,250,140,,,0,101,,251,140,,,0,95,,238,140,,,0,104,,239,140,,,0,29,,1188,150,,,0,68,,241,140,,,0,102,,242,140,,,0,195,,243,140,,,0,201,,244,140,,,0
801,'Week-end-01',828,,253,140,,,0,200,,254,140,,,0,196,,255,140,,,0,200,,256,140,,,0,200,,257,140,,,0,200,,258,140,,,0,202,,259,140,,,0,200,,260,140,,,0
30001,'Fête-2-01',436,,1465,20,,,0,65,,1459,20,,,0,35,,1460,20,,,0,69,,1463,20,,,0,20,,1461,20,,,0,75,,1464,20,,,0,30,,1462,20,,,0
30001,'Semaine-01',436,,807,20,,,0,65,,801,20,,,0,35,,802,20,,,0,69,,805,20,,,0,20,,803,20,,,0,75,,806,20,,,0,30,,804,20,,,0
40001,'Fête-1-01',629,,1526,20,,,0,106,,1527,20,,,0,99,,1528,20,,,0,100,,1529,20,,,0,99,,1530,20,,,0,100,,1531,20,,,0,100,,1532,20,,,0,96,,1533,20,,,0,99,,1534,20,,,0,103,,1535,20,,,0,100,,1536,20,,,0,100,,1537,20,,,0,100,,1538,20,,,0,101,,1539,20,,,0,100,,1540,20,,,0,100,,1541,20,,,0,102,,1542,20,,,0,102,,1543,20,,,0,100,,1544,20,,,0
40001,'Fête-2-01',421,,1587,20,,,0,23,,1588,20,,,0,70,,1581,20,,,0,30,,1583,20,,,0,10,,1584,20,,,0,60,,1564,20,,,0,20,,1585,20,,,0,15,,1586,20,,,0,70,,1576,20,,,0,30,,1577,20,,,0,10,,1582,20,,,0,70,,1578,20,,,0,100,,1579,20,,,0,77,,1551,20,,,0,23,,1580,20,,,0,100,,1565,20,,,0,78,,1545,20,,,0,22,,1566,20,,,0,105,,1567,20,,,0,99,,1568,20,,,0,20,,1553,20,,,0,80,,1569,20,,,0,102,,1589,20,,,0,66,,1590,140,,,0,28,,1562,140,,,0,72,,1552,20,,,0,25,,1563,140,,,0,32,,1549,20,,,0,71,,1570,20,,,0,101,,1571,20,,,0,102,,1572,20,,,0,96,,1573,20,,,0,100,,1574,20,,,0,104,,1575,20,,,0
40001,'Semaine-01',421,,1036,20,,,0,23,,1037,20,,,0,70,,1030,20,,,0,30,,1032,20,,,0,10,,1033,20,,,0,60,,1013,20,,,0,20,,1034,20,,,0,15,,1035,20,,,0,70,,1025,20,,,0,30,,1026,20,,,0,10,,1031,20,,,0,70,,1027,20,,,0,100,,1028,20,,,0,77,,999,20,,,0,23,,1029,20,,,0,100,,1014,20,,,0,78,,993,20,,,0,22,,1015,20,,,0,105,,1016,20,,,0,99,,1017,20,,,0,20,,1001,20,,,0,80,,1018,20,,,0,102,,1038,20,,,0,66,,1039,140,,,0,28,,1011,140,,,0,72,,1000,20,,,0,25,,1012,140,,,0,32,,997,20,,,0,71,,1019,20,,,0,101,,1020,20,,,0,102,,1021,20,,,0,96,,1022,20,,,0,100,,1023,20,,,0,104,,1024,20,,,0
40001,'Week-end-01',629,,1040,20,,,0,106,,1041,20,,,0,99,,1042,20,,,0,100,,1043,20,,,0,99,,1044,20,,,0,100,,1045,20,,,0,100,,1046,20,,,0,96,,1047,20,,,0,99,,1048,20,,,0,103,,1049,20,,,0,100,,1050,20,,,0,100,,1051,20,,,0,100,,1052,20,,,0,101,,1053,20,,,0,100,,1054,20,,,0,100,,1055,20,,,0,102,,1056,20,,,0,102,,1057,20,,,0,100,,1058,20,,,0
