100,'Semaine-01',737,,28,300,,,0,101,,38,540,,,0,20,,27,300,,,0,83,,29,590,,,0,100,,30,590,,,0,100,,31,590,,,0,161,,32,590,,,0,101,,33,590,,,0,100,,34,590,,,0,53,,40,590,,,0,101,,35,590,,,0,94,,36,590,,,0,106,,41,590,,,0,101,,42,590,,,0,195,,43,590,,,0,197,,44,590,,,0
200,'Semaine-01',1027,,119,70,0,8,0,174,,113,70,,,0,308,,120,70,0,8,0,130,,114,70,,,0,179,,115,70,,,0
800,'Semaine-01',707,,191,500,,,0,32,,190,330,,,0,78,,192,500,,,0,39,,206,500,,,0,75,,201,500,,,0,99,,202,500,,,0,100,,193,500,,,0,105,,194,500,,,0,99,,203,500,,,0,105,,204,500,,,0,106,,205,500,,,0,101,,195,500,,,0,92,,196,500,,,0,112,,197,500,,,0,92,,198,500,,,0,194,,199,500,,,0,197,,200,500,,,0
800,'Week-end-01',944,,207,500,,,0,201,,208,500,,,0,200,,209,500,,,0,200,,210,500,,,0,201,,211,500,,,0,197,,212,500,,,0,199,,213,500,,,0,198,,214,500,,,0
1100,'Semaine-01',638,,430,460,,,0,101,,411,460,,,0,100,,410,320,,,0,3,,420,460,,,0,77,,421,460,,,0,100,,422,460,,,0,112,,423,460,,,0,100,,424,460,,,0,88,,425,460,,,0,100,,426,460,,,0,100,,427,460,,,0,100,,412,460,,,0,32,,409,460,,,0,80,,413,460,,,0,25,,414,460,,,0,65,,428,460,,,0,24,,429,460,,,0,80,,408,460,,,0,100,,415,460,,,0,93,,416,460,,,0,100,,417,460,,,0,100,,418,460,,,0,98,,419,460,,,0
1100,'Week-end-01',949,,431,460,,,0,200,,432,460,,,0,200,,433,460,,,0,200,,434,460,,,0,200,,435,460,,,0,200,,436,460,,,0,200,,437,460,,,0,198,,438,460,,,0
1400,'Semaine-01',656,,539,480,,,0,73,,523,480,,,0,94,,530,480,,,0,104,,531,480,,,0,103,,532,480,,,0,111,,533,480,,,0,100,,534,480,,,0,101,,535,480,,,0,100,,536,480,,,0,103,,537,480,,,0,101,,524,480,,,0,107,,525,480,,,0,87,,526,480,,,0,102,,527,480,,,0,193,,528,480,,,0,196,,529,480,,,0,194,,538,480,,,0
1400,'Week-end-01',746,,540,480,,,0,200,,541,480,,,0,200,,542,480,,,0,200,,543,480,,,0,200,,544,480,,,0,200,,545,480,,,0,200,,546,480,,,0,200,,547,480,,,0,198,,548,480,,,0,187,,549,390,,,0
10000,'Semaine-01',1649,,719,530,,,0,68,,720,530,,,0,25,,724,530,,,0,82,,722,530,,,0,15,,721,530,,,0,69,,723,530,,,0
40000,'Semaine-01',724,,883,650,,,0,116,,907,650,,,0,64,,908,650,,,0
