100,'Fête-1-01',935,,1059,320,,,0,200,,1060,320,,,0,200,,1061,320,,,0,200,,1062,320,,,0,200,,1063,320,,,0,200,,1064,320,,,0,200,,1065,320,,,0,198,,1066,320,,,0
100,'Fête-2-01',716,,1075,280,,,0,101,,1076,280,,,0,104,,1067,320,,,0,100,,1068,320,,,0,100,,1069,320,,,0,121,,1070,320,,,0,101,,1071,320,,,0,100,,1072,320,,,0,93,,1077,320,,,0,100,,1073,320,,,0,95,,1074,320,,,0,106,,1078,320,,,0,101,,1079,320,,,0,195,,1080,320,,,0,197,,1081,320,,,0
100,'Semaine-01',716,,1083,40,,,0,101,,38,280,,,0,20,,1082,40,,,0,84,,29,320,,,0,100,,30,320,,,0,100,,31,320,,,0,121,,32,320,,,0,101,,33,320,,,0,100,,34,320,,,0,93,,40,320,,,0,100,,35,320,,,0,95,,36,320,,,0,106,,41,320,,,0,101,,42,320,,,0,195,,43,320,,,0,197,,44,320,,,0
100,'Week-end-01',935,,45,320,,,0,200,,46,320,,,0,200,,47,320,,,0,200,,48,320,,,0,200,,49,320,,,0,200,,50,320,,,0,200,,51,320,,,0,198,,52,320,,,0
101,'Fête-1-01',844,,1085,390,,,0,200,,1086,390,,,0,197,,1087,390,,,0,200,,1088,390,,,0,200,,1089,390,,,0,200,,1090,390,,,0,202,,1091,390,,,0,200,,1092,390,,,0
101,'Fête-2-01',636,,1106,410,,,0,91,,1107,410,,,0,104,,1102,450,,,0,102,,1094,450,,,0,98,,1095,450,,,0,100,,1096,450,,,0,105,,1097,450,,,0,102,,1098,450,,,0,100,,1099,450,,,0,101,,1093,450,,,0,93,,1103,410,,,0,109,,1104,410,,,0,100,,1105,410,,,0,196,,1100,410,,,0,196,,1101,410,,,0
101,'Semaine-01',636,,93,410,,,0,91,,94,410,,,0,104,,88,450,,,0,102,,80,450,,,0,98,,81,450,,,0,100,,82,450,,,0,105,,83,450,,,0,102,,84,450,,,0,100,,85,450,,,0,101,,79,450,,,0,93,,89,410,,,0,84,,1109,410,,,0,25,,91,410,,,0,100,,92,410,,,0,196,,86,410,,,0,196,,87,410,,,0
101,'Week-end-01',844,,95,390,,,0,200,,96,390,,,0,197,,97,390,,,0,200,,98,390,,,0,200,,99,390,,,0,200,,100,390,,,0,202,,101,390,,,0,200,,102,390,,,0
501,'Fête-2-01',540,,1131,40,,,0,76,,1132,40,,,0,30,,1133,40,,,0
501,'Semaine-01',540,,148,40,,,0,73,,149,40,,,0,33,,150,40,,,0
901,'Fête-1-01',810,,1219,40,,,0,200,,1220,40,,,0,197,,1221,40,,,0,200,,1222,40,,,0,200,,1223,40,,,0,200,,1224,40,,,0,202,,1225,40,,,0,200,,1226,40,,,0,198,,1227,40,,,0
901,'Fête-2-01',529,,1229,40,,,0,74,,1228,40,,,0,102,,1230,40,,,0,53,,1241,40,,,0,142,,1232,40,,,0,100,,1233,40,,,0,100,,1242,40,,,0,100,,1234,40,,,0,106,,1243,40,,,0,100,,1235,40,,,0,100,,1236,40,,,0,102,,1231,40,,,0,109,,1244,40,,,0,21,,1245,40,,,0,70,,1246,40,,,0,96,,1237,40,,,0,100,,1238,40,,,0,100,,1247,40,,,0,100,,1248,40,,,0,100,,1239,40,,,0,99,,1240,40,,,0
901,'Semaine-01',529,,352,40,,,0,74,,351,40,,,0,102,,353,40,,,0,53,,364,40,,,0,142,,355,40,,,0,100,,356,40,,,0,100,,365,40,,,0,100,,357,40,,,0,106,,366,40,,,0,100,,358,40,,,0,100,,359,40,,,0,102,,354,40,,,0,109,,367,40,,,0,21,,368,40,,,0,70,,369,40,,,0,96,,360,40,,,0,100,,361,40,,,0,100,,370,40,,,0,100,,371,40,,,0,100,,362,40,,,0,99,,363,40,,,0
901,'Week-end-01',810,,372,40,,,0,200,,373,40,,,0,197,,374,40,,,0,200,,375,40,,,0,200,,376,40,,,0,200,,377,40,,,0,202,,378,40,,,0,200,,379,40,,,0,198,,380,40,,,0
1100,'Fête-1-01',922,,1249,40,,,0,200,,1250,40,,,0,200,,1251,40,,,0,200,,1252,40,,,0,200,,1253,40,,,0,200,,1254,40,,,0,200,,1255,40,,,0,198,,1256,40,,,0
1100,'Fête-2-01',611,,1275,40,,,0,101,,1258,40,,,0,103,,1266,40,,,0,37,,1267,40,,,0,100,,1268,40,,,0,152,,1269,40,,,0,100,,1270,40,,,0,48,,1271,40,,,0,100,,1272,40,,,0,100,,1273,40,,,0,100,,1259,40,,,0,151,,1260,40,,,0,55,,1274,40,,,0,100,,1257,40,,,0,100,,1261,40,,,0,94,,1262,40,,,0,100,,1263,40,,,0,100,,1264,40,,,0,98,,1265,40,,,0
1100,'Semaine-01',611,,430,40,,,0,101,,411,40,,,0,103,,420,40,,,0,37,,421,40,,,0,100,,422,40,,,0,152,,423,40,,,0,100,,424,40,,,0,48,,425,40,,,0,100,,426,40,,,0,100,,427,40,,,0,100,,412,40,,,0,71,,1276,40,,,0,80,,413,40,,,0,25,,1278,40,,,0,30,,428,40,,,0,60,,1279,40,,,0,40,,408,40,,,0,100,,415,40,,,0,94,,416,40,,,0,100,,417,40,,,0,100,,418,40,,,0,98,,419,40,,,0
1100,'Week-end-01',922,,431,40,,,0,200,,432,40,,,0,200,,433,40,,,0,200,,434,40,,,0,200,,435,40,,,0,200,,436,40,,,0,200,,437,40,,,0,198,,438,40,,,0
1400,'Fête-1-01',723,,1309,310,,,0,207,,1310,310,,,0,200,,1311,310,,,0,200,,1312,310,,,0,200,,1313,310,,,0,200,,1314,310,,,0,200,,1315,310,,,0,200,,1316,310,,,0,198,,1317,310,,,0
1400,'Fête-2-01',645,,1335,310,,,0,73,,1319,310,,,0,92,,1326,310,,,0,105,,1327,310,,,0,103,,1328,310,,,0,111,,1329,310,,,0,100,,1330,310,,,0,100,,1331,310,,,0,100,,1332,310,,,0,102,,1333,310,,,0,101,,1320,310,,,0,107,,1321,310,,,0,89,,1322,310,,,0,102,,1323,310,,,0,194,,1324,310,,,0,197,,1325,310,,,0,194,,1334,310,,,0
1400,'Semaine-01',645,,539,310,,,0,73,,523,310,,,0,92,,530,310,,,0,105,,531,310,,,0,103,,532,310,,,0,111,,533,310,,,0,100,,534,310,,,0,100,,535,310,,,0,100,,536,310,,,0,102,,537,310,,,0,101,,524,310,,,0,107,,525,310,,,0,89,,526,310,,,0,102,,527,310,,,0,194,,528,310,,,0,197,,529,310,,,0,194,,538,310,,,0
1400,'Week-end-01',723,,540,310,,,0,207,,541,310,,,0,200,,542,310,,,0,200,,543,310,,,0,200,,544,310,,,0,200,,545,310,,,0,200,,546,310,,,0,200,,547,310,,,0,198,,548,310,,,0
1401,'Fête-1-01',634,,1336,480,,,0,207,,1337,480,,,0,200,,1338,480,,,0,198,,1339,480,,,0,200,,1340,480,,,0,198,,1341,480,,,0,200,,1342,480,,,0,204,,1343,480,,,0,200,,1344,480,,,0
1401,'Fête-2-01',633,,1345,480,,,0,89,,1352,480,,,0,105,,1353,480,,,0,105,,1354,480,,,0,100,,1355,480,,,0,100,,1356,480,,,0,99,,1357,480,,,0,100,,1358,480,,,0,100,,1359,480,,,0,101,,1346,480,,,0,101,,1347,480,,,0,103,,1348,480,,,0,101,,1349,480,,,0,195,,1350,480,,,0,203,,1351,480,,,0
1401,'Semaine-01',633,,577,480,,,0,89,,584,480,,,0,105,,585,480,,,0,105,,586,480,,,0,100,,587,480,,,0,100,,588,480,,,0,99,,589,480,,,0,100,,590,480,,,0,100,,591,480,,,0,101,,578,480,,,0,101,,579,480,,,0,103,,580,480,,,0,101,,581,480,,,0,195,,582,480,,,0,203,,583,480,,,0
1401,'Week-end-01',634,,592,480,,,0,207,,593,480,,,0,200,,594,480,,,0,198,,595,480,,,0,200,,596,480,,,0,198,,597,480,,,0,200,,598,480,,,0,204,,599,480,,,0,200,,600,480,,,0
