800,'Fête-1-01',936,,1141,410,,,0,201,,1142,410,,,0,200,,1143,410,,,0,200,,1144,410,,,0,201,,1145,410,,,0,197,,1146,410,,,0,199,,1147,410,,,0,198,,1148,410,,,0
800,'Fête-2-01',700,,1149,410,,,0,107,,1150,410,,,0,115,,1159,410,,,0,99,,1160,410,,,0,100,,1151,410,,,0,105,,1152,410,,,0,100,,1161,410,,,0,105,,1162,410,,,0,105,,1163,410,,,0,100,,1153,410,,,0,95,,1154,410,,,0,112,,1155,410,,,0,92,,1156,410,,,0,195,,1157,410,,,0,197,,1158,410,,,0
800,'Semaine-01',700,,191,410,,,0,29,,1164,240,,,0,78,,192,410,,,0,39,,1165,410,,,0,76,,201,410,,,0,99,,202,410,,,0,100,,193,410,,,0,105,,194,410,,,0,100,,203,410,,,0,105,,204,410,,,0,105,,205,410,,,0,100,,195,410,,,0,95,,196,410,,,0,112,,197,410,,,0,92,,198,410,,,0,195,,199,410,,,0,197,,200,410,,,0
800,'Week-end-01',936,,207,410,,,0,201,,208,410,,,0,200,,209,410,,,0,200,,210,410,,,0,201,,211,410,,,0,197,,212,410,,,0,199,,213,410,,,0,198,,214,410,,,0
30000,'Fête-2-01',643,,1451,440,,,0,198,,1452,440,,,0,383,,1453,440,,,0,400,,1454,440,,,0,120,,1455,440,,,0,94,,1456,440,,,0,92,,1457,440,,,0,492,,1458,440,,,0
30000,'Semaine-01',643,,786,440,,,0,198,,787,440,,,0,383,,788,440,,,0,400,,789,440,,,0,120,,790,440,,,0,94,,791,440,,,0,92,,792,440,,,0,492,,793,440,,,0
40000,'Fête-1-01',818,,1466,460,0,7,0,111,,1467,460,0,7,0,101,,1468,460,0,7,0,101,,1469,460,0,7,0,100,,1470,460,0,7,0,101,,1471,460,0,7,0,102,,1472,460,0,7,0,100,,1473,460,0,7,0,100,,1474,460,0,7,0,101,,1475,460,0,7,0,100,,1476,460,0,7,0,98,,1477,460,0,7,0,100,,1478,460,0,7,0,97,,1479,460,0,7,0,100,,1480,460,0,7,0,99,,1481,460,0,7,0,100,,1482,460,0,7,0,100,,1483,460,0,7,0,100,,1484,460,0,7,0
40000,'Fête-2-01',716,,1500,460,,,0,43,,1492,460,0,7,0,72,,1524,460,,,0,24,,1525,460,,,0,84,,1493,460,0,7,0,80,,1494,460,0,7,0,20,,1507,460,0,7,0,93,,1516,460,0,7,0,107,,1485,460,0,7,0,100,,1519,460,0,7,0,100,,1520,460,0,7,0,80,,1490,460,0,7,0,40,,1521,460,0,7,0,70,,1522,460,0,7,0,15,,1523,460,0,7,0,15,,1502,460,0,7,0,55,,1503,460,0,7,0,10,,1504,460,0,7,0,10,,1505,460,0,7,0,69,,1506,460,0,7,0,10,,1508,460,0,7,0,17,,1509,460,0,7,0,20,,1510,460,0,7,0,59,,1511,460,0,7,0,93,,1512,460,0,7,0,25,,1491,460,0,7,0,30,,1513,460,0,7,0,70,,1495,460,0,7,0,30,,1514,460,0,7,0,70,,1496,460,0,7,0,30,,1515,460,0,7,0,69,,1497,460,0,7,0,30,,1517,460,0,7,0,165,,1501,460,0,7,0,100,,1518,460,0,7,0
40000,'Semaine-01',716,,883,460,,,0,43,,875,460,0,7,0,72,,907,460,,,0,24,,908,460,,,0,84,,876,460,0,7,0,80,,877,460,0,7,0,20,,890,460,0,7,0,93,,899,460,0,7,0,107,,868,460,0,7,0,100,,902,460,0,7,0,100,,903,460,0,7,0,80,,873,460,0,7,0,40,,904,460,0,7,0,70,,905,460,0,7,0,15,,906,460,0,7,0,15,,885,460,0,7,0,55,,886,460,0,7,0,10,,887,460,0,7,0,10,,888,460,0,7,0,69,,889,460,0,7,0,10,,891,460,0,7,0,17,,892,460,0,7,0,20,,893,460,0,7,0,59,,894,460,0,7,0,93,,895,460,0,7,0,25,,874,460,0,7,0,30,,896,460,0,7,0,70,,878,460,0,7,0,30,,897,460,0,7,0,70,,879,460,0,7,0,30,,898,460,0,7,0,69,,880,460,0,7,0,30,,900,460,0,7,0,165,,884,460,0,7,0,100,,901,460,0,7,0
40000,'Week-end-01',818,,909,460,0,7,0,111,,910,460,0,7,0,101,,911,460,0,7,0,101,,912,460,0,7,0,100,,913,460,0,7,0,101,,914,460,0,7,0,102,,915,460,0,7,0,100,,916,460,0,7,0,100,,917,460,0,7,0,101,,918,460,0,7,0,100,,919,460,0,7,0,98,,920,460,0,7,0,100,,921,460,0,7,0,97,,922,460,0,7,0,100,,923,460,0,7,0,99,,924,460,0,7,0,100,,925,460,0,7,0,100,,926,460,0,7,0,100,,927,460,0,7,0
