1500,'Semaine-01',716,,629,230,,,1,91,,636,230,,,1,99,,637,230,,,1,100,,638,230,,,1,100,,639,230,,,1,108,,640,230,,,1,96,,641,230,,,1,100,,642,230,,,1,100,,643,230,,,1,107,,630,230,,,1,104,,631,230,,,1,98,,632,230,,,1,102,,633,230,,,1,194,,634,230,,,1,201,,635,230,,,1
1500,'Week-end-01',918,,644,230,,,1,100,,645,230,,,1,100,,646,230,,,1,100,,647,230,,,1,102,,648,230,,,1,100,,649,230,,,1,100,,650,230,,,1,100,,651,230,,,1,100,,652,230,,,1,99,,653,230,,,1,100,,654,230,,,1,198,,655,230,,,1,200,,656,230,,,1
1501,'Semaine-01',640,,685,270,,,1,95,,692,270,,,1,98,,693,270,,,1,98,,694,270,,,1,100,,695,270,,,1,105,,696,270,,,1,101,,697,270,,,1,100,,698,270,,,1,100,,699,270,,,1,99,,686,270,,,1,101,,687,270,,,1,105,,688,270,,,1,91,,689,270,,,1,205,,690,270,,,1,198,,691,270,,,1
1501,'Week-end-01',842,,700,270,,,1,100,,701,270,,,1,100,,702,270,,,1,100,,703,270,,,1,100,,704,270,,,1,100,,705,270,,,1,98,,706,270,,,1,100,,707,270,,,1,100,,708,270,,,1,100,,709,270,,,1,100,,710,270,,,1,202,,711,270,,,1,200,,712,270,,,1
30000,'Semaine-01',626,,786,290,,,0,198,,787,290,,,0,383,,788,290,,,0,398,,789,290,,,0,120,,790,290,,,0,95,,791,290,,,0,93,,792,290,,,0,492,,793,290,,,0
30001,'Semaine-01',448,,807,260,,,0,65,,801,260,,,0,35,,802,260,,,0,70,,805,260,,,0,20,,803,260,,,0,75,,806,260,,,0,30,,804,260,,,0
40000,'Semaine-01',657,,883,310,0,10,0,83,,875,310,,,0,71,,907,310,0,10,0,24,,908,310,0,10,0,65,,869,310,0,6 7,0,20,,876,310,,,0,80,,877,310,,,0,20,,890,310,,,0,33,,870,310,0,6 7,0,60,,899,310,,,0,40,,881,310,0,6 7,0,67,,868,310,,,0,80,,871,310,0,6 7,0,20,,902,310,,,0,81,,872,310,0,6 7,0,19,,903,310,,,0,80,,873,310,,,0,23,,882,310,0,6 7,0,17,,904,310,,,0,70,,905,310,,,0,15,,906,310,,,0,15,,885,310,,,0,15,,886,310,,,0,50,,887,310,,,0,10,,888,310,,,0,29,,889,310,,,0,10,,891,310,,,0,58,,892,310,,,0,20,,893,310,,,0,19,,894,310,,,0,93,,895,310,,,0,65,,874,310,,,0,30,,896,310,,,0,70,,878,310,,,0,30,,897,310,,,0,70,,879,310,,,0,30,,898,310,,,0,70,,880,310,,,0,30,,900,310,,,0,165,,884,310,,,0,100,,901,310,,,0
40000,'Week-end-01',801,,909,310,,,0,110,,910,310,,,0,101,,911,310,,,0,101,,912,310,,,0,100,,913,310,,,0,100,,914,310,,,0,100,,915,310,,,0,100,,916,310,,,0,100,,917,310,,,0,102,,918,310,,,0,100,,919,310,,,0,99,,920,310,,,0,100,,921,310,,,0,98,,922,310,,,0,100,,923,310,,,0,99,,924,310,,,0,100,,925,310,,,0,100,,926,310,,,0,100,,927,310,,,0
40001,'Semaine-01',435,,1036,260,,,0,23,,1037,260,,,0,70,,1030,260,,,0,30,,1032,260,,,0,50,,1033,260,,,0,20,,1013,260,,,0,20,,1034,260,,,0,55,,1035,260,,,0,30,,1025,260,,,0,70,,1026,260,,,0,10,,1031,260,,,0,30,,1027,260,,,0,100,,1028,260,,,0,77,,999,260,,,0,23,,1029,260,,,0,100,,1014,260,,,0,78,,993,260,,,0,22,,1015,260,,,0,105,,1016,260,,,0,100,,1017,260,,,0,60,,1001,260,,,0,40,,1018,260,,,0,101,,1038,260,,,0,67,,1039,260,,,0,26,,1011,260,,,0,71,,1000,260,,,0,26,,1012,260,,,0,71,,997,260,,,0,31,,1019,260,,,0,101,,1020,260,,,0,102,,1021,260,,,0,96,,1022,260,,,0,100,,1023,260,,,0,104,,1024,260,,,0
40001,'Week-end-01',641,,1040,260,,,0,108,,1041,260,,,0,100,,1042,260,,,0,100,,1043,260,,,0,100,,1044,260,,,0,100,,1045,260,,,0,100,,1046,260,,,0,98,,1047,260,,,0,98,,1048,260,,,0,100,,1049,260,,,0,100,,1050,260,,,0,100,,1051,260,,,0,100,,1052,260,,,0,101,,1053,260,,,0,100,,1054,260,,,0,100,,1055,260,,,0,101,,1056,260,,,0,101,,1057,260,,,0,100,,1058,260,,,0
