1101,'Fête-1-01',825,,1280,300,,,0,198,,1281,300,,,0,200,,1282,300,,,0,200,,1283,300,,,0,200,,1284,300,,,0,200,,1285,300,,,0,200,,1286,300,,,0,200,,1287,300,,,0
1101,'Fête-2-01',516,,1306,160,,,0,32,,1307,160,,,0,85,,1288,160,,,0,25,,1305,160,,,0,87,,1289,300,,,0,173,,1297,300,,,0,100,,1298,300,,,0,100,,1299,300,,,0,100,,1300,300,,,0,100,,1301,300,,,0,99,,1302,300,,,0,101,,1303,300,,,0,100,,1304,300,,,0,112,,1290,300,,,0,105,,1291,300,,,0,83,,1292,300,,,0,98,,1293,300,,,0,100,,1294,300,,,0,100,,1295,300,,,0,100,,1296,300,,,0
1101,'Semaine-01',516,,485,160,,,0,32,,487,160,,,0,85,,467,160,,,0,25,,484,160,,,0,87,,468,300,,,0,173,,476,300,,,0,100,,477,300,,,0,100,,478,300,,,0,100,,479,300,,,0,100,,480,300,,,0,99,,481,300,,,0,101,,482,300,,,0,100,,483,300,,,0,83,,1308,300,,,0,29,,469,300,,,0,105,,470,300,,,0,83,,471,300,,,0,98,,472,300,,,0,100,,473,300,,,0,100,,474,300,,,0,100,,475,300,,,0
1101,'Week-end-01',825,,488,300,,,0,198,,489,300,,,0,200,,490,300,,,0,200,,491,300,,,0,200,,492,300,,,0,200,,493,300,,,0,200,,494,300,,,0,200,,495,300,,,0
1401,'Fête-1-01',625,,1336,360,,,0,207,,1337,360,,,0,200,,1338,360,,,0,198,,1339,360,,,0,200,,1340,360,,,0,196,,1341,360,,,0,200,,1342,360,,,0,206,,1343,360,,,0,200,,1344,360,,,0
1401,'Fête-2-01',622,,1345,360,,,0,87,,1352,360,,,0,105,,1353,360,,,0,105,,1354,360,,,0,100,,1355,360,,,0,100,,1356,360,,,0,99,,1357,360,,,0,100,,1358,360,,,0,100,,1359,360,,,0,101,,1346,360,,,0,100,,1347,360,,,0,103,,1348,360,,,0,102,,1349,360,,,0,195,,1350,360,,,0,203,,1351,360,,,0
1401,'Semaine-01',622,,577,360,,,0,87,,584,360,,,0,38,,1361,360,,,0,67,,585,360,,,0,105,,586,360,,,0,100,,587,360,,,0,100,,588,360,,,0,99,,589,360,,,0,100,,590,360,,,0,100,,591,360,,,0,101,,578,360,,,0,100,,579,360,,,0,30,,1360,360,,,0,73,,580,360,,,0,102,,581,360,,,0,195,,582,360,,,0,203,,583,360,,,0
1401,'Week-end-01',625,,592,360,,,0,207,,593,360,,,0,200,,594,360,,,0,198,,595,360,,,0,200,,596,360,,,0,196,,597,360,,,0,200,,598,360,,,0,206,,599,360,,,0,200,,600,360,,,0
10001,'Fête-2-01',502,,1423,460,,,0,111,,1426,460,,,0,37,,1424,460,,,0,71,,1425,460,,,0
10001,'Semaine-01',502,,732,460,,,0,111,,735,460,,,0,20,,1427,50,,,0,17,,733,460,,,0,71,,734,460,,,0,17,,731,50,,,0
