1101,'Fête-1-01',814,,1280,120,,,0,198,,1281,120,,,0,200,,1282,120,,,0,200,,1283,120,,,0,200,,1284,120,,,0,200,,1285,120,,,0,200,,1286,120,,,0,200,,1287,120,,,0
1101,'Fête-2-01',733,,1289,120,,,0,173,,1297,120,,,0,100,,1298,120,,,0,99,,1299,120,,,0,100,,1300,120,,,0,100,,1301,120,,,0,101,,1302,120,,,0,100,,1303,120,,,0,100,,1304,120,,,0,111,,1290,120,,,0,105,,1291,120,,,0,85,,1292,120,,,0,98,,1293,120,,,0,101,,1294,120,,,0,100,,1295,120,,,0,100,,1296,120,,,0
1101,'Semaine-01',733,,468,120,,,0,173,,476,120,,,0,100,,477,120,,,0,99,,478,120,,,0,100,,479,120,,,0,100,,480,120,,,0,101,,481,120,,,0,100,,482,120,,,0,100,,483,120,,,0,41,,1308,120,,,0,70,,469,120,,,0,105,,470,120,,,0,85,,471,120,,,0,98,,472,120,,,0,101,,473,120,,,0,100,,474,120,,,0,100,,475,120,,,0
1101,'Week-end-01',814,,488,120,,,0,198,,489,120,,,0,200,,490,120,,,0,200,,491,120,,,0,200,,492,120,,,0,200,,493,120,,,0,200,,494,120,,,0,200,,495,120,,,0
1401,'Fête-1-01',620,,1336,290,,,0,207,,1337,290,,,0,200,,1338,290,,,0,198,,1339,290,,,0,200,,1340,290,,,0,196,,1341,290,,,0,200,,1342,290,,,0,206,,1343,290,,,0,200,,1344,290,,,0
1401,'Fête-2-01',618,,1345,290,,,0,87,,1352,290,,,0,104,,1353,290,,,0,106,,1354,290,,,0,100,,1355,290,,,0,100,,1356,290,,,0,99,,1357,290,,,0,100,,1358,290,,,0,100,,1359,290,,,0,101,,1346,290,,,0,100,,1347,290,,,0,103,,1348,290,,,0,103,,1349,290,,,0,195,,1350,290,,,0,203,,1351,290,,,0
1401,'Semaine-01',618,,577,290,,,0,87,,584,290,,,0,38,,1361,290,,,0,66,,585,290,,,0,106,,586,290,,,0,100,,587,290,,,0,100,,588,290,,,0,99,,589,290,,,0,100,,590,290,,,0,100,,591,290,,,0,101,,578,290,,,0,100,,579,290,,,0,30,,1360,290,,,0,73,,580,290,,,0,103,,581,290,,,0,195,,582,290,,,0,203,,583,290,,,0
1401,'Week-end-01',620,,592,290,,,0,207,,593,290,,,0,200,,594,290,,,0,198,,595,290,,,0,200,,596,290,,,0,196,,597,290,,,0,200,,598,290,,,0,206,,599,290,,,0,200,,600,290,,,0
10001,'Fête-2-01',458,,1423,390,,,0,151,,1426,390,,,0,37,,1424,390,,,0,71,,1425,390,,,0
10001,'Semaine-01',458,,732,390,,,0,151,,735,390,,,0,37,,733,390,,,0,71,,734,390,,,0
