1,100,'Semaine-01',29,30,31,32,33,34,35,36,37,38,40,41,42,43,44
1,100,'Week-end-01',45,46,47,48,49,50,51,52
1,101,'Semaine-01',79,80,81,82,83,84,85,86,87,88,89,91,92,93,94
1,101,'Week-end-01',95,96,97,98,99,100,101,102
2,200,'Semaine-01',112,113,114,115,116,117,118,119,120
2,201,'Semaine-01',130,131,132,133,134,135,136,137,138
5,500,'Semaine-01',142,143,144
5,501,'Semaine-01',148,149,150
6,600,'Semaine-01',154,155,156
6,601,'Semaine-01',161,162,163,164
8,800,'Semaine-01',191,192,193,194,195,196,197,198,199,200,201,202,203,204,205
8,800,'Week-end-01',207,208,209,210,211,212,213,214
8,801,'Semaine-01',238,239,241,242,243,244,245,246,247,248,249,250,251,252
8,801,'Week-end-01',253,254,255,256,257,258,259,260
9,900,'Semaine-01',291,292,293,294,295,296,297,298,299,300,301,302,303,304,305,306,307,308,309,310
9,900,'Week-end-01',311,312,313,314,315,316,317,318,319,320
9,901,'Semaine-01',351,352,353,354,355,356,357,358,359,360,361,362,363,364,365,366,367,368,369,370,371
9,901,'Week-end-01',372,373,374,375,376,377,378,379,380
11,1100,'Semaine-01',408,411,412,413,415,416,417,418,419,420,421,422,423,424,425,426,427,428,430
11,1100,'Week-end-01',431,432,433,434,435,436,437,438
11,1101,'Semaine-01',467,468,469,470,471,472,473,474,475,476,477,478,479,480,481,482,483,484,485,487
11,1101,'Week-end-01',488,489,490,491,492,493,494,495
14,1400,'Semaine-01',523,524,525,526,527,528,529,530,531,532,533,534,535,536,537,538,539
14,1400,'Week-end-01',540,541,542,543,544,545,546,547,548,549
14,1401,'Semaine-01',577,578,579,580,581,582,583,584,585,586,587,588,589,590,591
14,1401,'Week-end-01',592,593,594,595,596,597,598,599,600
15,1500,'Semaine-01',629,630,631,632,633,634,635,636,637,638,639,640,641,642,643
15,1500,'Week-end-01',644,645,646,647,648,649,650,651,652,653,654,655,656
15,1501,'Semaine-01',685,686,687,688,689,690,691,692,693,694,695,696,697,698,699
15,1501,'Week-end-01',700,701,702,703,704,705,706,707,708,709,710,711,712
100,10000,'Semaine-01',719,720,721,722,723,724
100,10001,'Semaine-01',731,732,733,734,735,737
200,20000,'Semaine-01',745,746,747,754,755,756
200,20001,'Semaine-01',768,769,770,771,772,773,774,776,777
300,30000,'Semaine-01',786,787,788,789,790,791,792,793
300,30001,'Semaine-01',801,802,803,804,805,806,807
400,40000,'Semaine-01',868,869,870,871,872,873,874,875,876,877,878,879,880,881,882,883,884,885,886,887,888,889,890,891,892,893,894,895,896,897,898,899,900,901,902,903,904,905,906,907,908
400,40000,'Week-end-01',909,910,911,912,913,914,915,916,917,918,919,920,921,922,923,924,925,926,927
400,40001,'Semaine-01',993,994,995,996,997,998,999,1000,1001,1002,1003,1004,1005,1006,1007,1008,1009,1011,1012,1013,1014,1015,1016,1017,1018,1019,1020,1021,1022,1023,1024,1025,1026,1027,1028,1029,1030,1031,1032,1033,1034,1035,1036,1037,1038,1039
400,40001,'Week-end-01',1040,1041,1042,1043,1044,1045,1046,1047,1048,1049,1050,1051,1052,1053,1054,1055,1056,1057,1058
