901,'Fête-1-01',829,,1219,350,,,0,200,,1220,350,,,0,197,,1221,350,,,0,200,,1222,350,,,0,200,,1223,350,,,0,200,,1224,350,,,0,202,,1225,350,,,0,200,,1226,350,,,0,198,,1227,350,,,0
901,'Fête-2-01',550,,1229,360,,,0,74,,1228,360,,,0,102,,1230,360,,,0,93,,1241,360,,,0,102,,1232,360,,,0,100,,1233,360,,,0,100,,1242,360,,,0,100,,1234,360,,,0,107,,1243,360,,,0,100,,1235,360,,,0,100,,1236,360,,,0,102,,1231,360,,,0,109,,1244,360,,,0,61,,1245,360,,,0,30,,1246,360,,,0,96,,1237,360,,,0,100,,1238,360,,,0,100,,1247,360,,,0,98,,1248,360,,,0,100,,1239,360,,,0,99,,1240,360,,,0
901,'Semaine-01',550,,352,360,,,0,74,,351,360,,,0,102,,353,360,,,0,93,,364,360,,,0,102,,355,360,,,0,100,,356,360,,,0,100,,365,360,,,0,100,,357,360,,,0,107,,366,360,,,0,100,,358,360,,,0,100,,359,360,,,0,102,,354,360,,,0,109,,367,360,,,0,61,,368,360,,,0,30,,369,360,,,0,96,,360,360,,,0,100,,361,360,,,0,100,,370,360,,,0,98,,371,360,,,0,100,,362,360,,,0,99,,363,360,,,0
901,'Week-end-01',829,,372,350,,,0,200,,373,350,,,0,197,,374,350,,,0,200,,375,350,,,0,200,,376,350,,,0,200,,377,350,,,0,202,,378,350,,,0,200,,379,350,,,0,198,,380,350,,,0
1401,'Fête-1-01',646,,1336,670,,,0,207,,1337,670,,,0,200,,1338,670,,,0,198,,1339,670,,,0,200,,1340,670,,,0,200,,1341,670,,,0,200,,1342,670,,,0,202,,1343,670,,,0,200,,1344,670,,,0
1401,'Fête-2-01',645,,1345,670,,,0,89,,1352,670,,,0,105,,1353,670,,,0,105,,1354,670,,,0,100,,1355,670,,,0,100,,1356,670,,,0,99,,1357,670,,,0,100,,1358,670,,,0,100,,1359,670,,,0,101,,1346,670,,,0,102,,1347,670,,,0,103,,1348,670,,,0,100,,1349,670,,,0,195,,1350,670,,,0,203,,1351,670,,,0
1401,'Semaine-01',645,,577,670,,,0,89,,584,670,,,0,105,,585,670,,,0,105,,586,670,,,0,100,,587,670,,,0,100,,588,670,,,0,99,,589,670,,,0,100,,590,670,,,0,100,,591,670,,,0,101,,578,670,,,0,102,,579,670,,,0,56,,1360,580,,,0,47,,580,670,,,0,100,,581,670,,,0,195,,582,670,,,0,203,,583,670,,,0
1401,'Week-end-01',646,,592,670,,,0,207,,593,670,,,0,200,,594,670,,,0,198,,595,670,,,0,200,,596,670,,,0,200,,597,670,,,0,200,,598,670,,,0,202,,599,670,,,0,200,,600,670,,,0
10001,'Fête-2-01',513,,1423,680,,,0,112,,1426,680,,,0,77,,1424,680,,,0,31,,1425,680,,,0
10001,'Semaine-01',513,,732,680,,,0,112,,735,680,,,0,20,,1427,270,,,0,57,,733,680,,,0,31,,734,680,,,0,17,,731,270,,,0
