101,'Fête-2-01',610,,1106,70,,,0,91,,1107,70,,,0,57,,1102,70,,,0,142,,1094,70,,,0,58,,1095,70,,,0,100,,1096,70,,,0,145,,1097,70,,,0,102,,1098,70,,,0,100,,1099,70,,,0,100,,1093,70,,,0,99,,1103,70,,,0,111,,1104,70,,,0,100,,1105,70,,,0,196,,1100,70,,,0,197,,1101,70,,,0
101,'Semaine-01',610,,93,70,,,0,91,,94,70,,,0,57,,88,70,,,0,142,,80,70,,,0,58,,81,70,,,0,100,,82,70,,,0,145,,83,70,,,0,102,,84,70,,,0,100,,85,70,,,0,100,,79,70,,,0,99,,89,70,,,0,41,,1108,70,4,,0,70,,91,70,,,0,100,,92,70,,,0,196,,86,70,,,0,197,,87,70,,,0
801,'Fête-1-01',821,,1166,70,,,0,200,,1167,70,,,0,196,,1168,70,,,0,200,,1169,70,,,0,200,,1170,70,,,0,200,,1171,70,,,0,202,,1172,70,,,0,200,,1173,70,,,0
801,'Fête-2-01',756,,1180,70,,,0,152,,1181,70,,,0,100,,1182,70,,,0,103,,1183,70,,,0,103,,1184,70,,,0,104,,1185,70,,,0,101,,1186,70,,,0,95,,1174,70,,,0,104,,1175,70,,,0,97,,1176,70,,,0,103,,1177,70,,,0,195,,1178,70,,,0,201,,1179,70,,,0
801,'Semaine-01',756,,245,70,,,0,152,,246,70,,,0,100,,247,70,,,0,103,,248,70,,,0,103,,249,70,,,0,104,,250,70,,,0,101,,251,70,,,0,95,,238,70,,,0,104,,239,70,,,0,29,,1188,80,,,0,68,,241,70,,,0,103,,242,70,,,0,195,,243,70,,,0,201,,244,70,,,0
801,'Week-end-01',821,,253,70,,,0,200,,254,70,,,0,196,,255,70,,,0,200,,256,70,,,0,200,,257,70,,,0,200,,258,70,,,0,202,,259,70,,,0,200,,260,70,,,0
1101,'Fête-1-01',810,,1280,70,,,0,198,,1281,70,,,0,200,,1282,70,,,0,200,,1283,70,,,0,200,,1284,70,,,0,200,,1285,70,,,0,200,,1286,70,,,0,200,,1287,70,,,0
1101,'Fête-2-01',729,,1289,70,,,0,173,,1297,70,,,0,100,,1298,70,,,0,99,,1299,70,,,0,100,,1300,70,,,0,100,,1301,70,,,0,101,,1302,70,,,0,100,,1303,70,,,0,100,,1304,70,,,0,111,,1290,70,,,0,105,,1291,70,,,0,85,,1292,70,,,0,98,,1293,70,,,0,101,,1294,70,,,0,100,,1295,70,,,0,100,,1296,70,,,0
1101,'Semaine-01',729,,468,70,,,0,173,,476,70,,,0,100,,477,70,,,0,99,,478,70,,,0,100,,479,70,,,0,100,,480,70,,,0,101,,481,70,,,0,100,,482,70,,,0,100,,483,70,,,0,41,,1308,70,,,0,70,,469,70,,,0,105,,470,70,,,0,85,,471,70,,,0,98,,472,70,,,0,101,,473,70,,,0,100,,474,70,,,0,100,,475,70,,,0
1101,'Week-end-01',810,,488,70,,,0,198,,489,70,,,0,200,,490,70,,,0,200,,491,70,,,0,200,,492,70,,,0,200,,493,70,,,0,200,,494,70,,,0,200,,495,70,,,0
