100,'Semaine-01',709,,37,220,,,0,100,,38,220,,,0,97,,29,220,,,0,100,,30,220,,,0,100,,31,220,,,0,121,,32,220,,,0,100,,33,220,,,0,100,,34,220,,,0,93,,40,220,,,0,100,,35,220,,,0,95,,36,220,,,0,106,,41,220,,,0,101,,42,220,,,0,195,,43,220,,,0,198,,44,220,,,0
100,'Week-end-01',921,,45,220,,,0,200,,46,220,,,0,200,,47,220,,,0,200,,48,220,,,0,200,,49,220,,,0,200,,50,220,,,0,200,,51,220,,,0,198,,52,220,,,0
101,'Semaine-01',628,,93,350,,,0,91,,94,350,,,0,97,,88,350,,,0,102,,80,350,,,0,98,,81,350,,,0,100,,82,350,,,0,105,,83,350,,,0,102,,84,350,,,0,100,,85,350,,,0,101,,79,350,,,0,99,,89,350,,,0,110,,91,350,,,0,100,,92,350,,,0,196,,86,350,,,0,197,,87,350,,,0
101,'Week-end-01',831,,95,290,,,0,200,,96,290,,,0,197,,97,290,,,0,200,,98,290,,,0,200,,99,290,,,0,200,,100,290,,,0,202,,101,290,,,0,200,,102,290,,,0
500,'Semaine-01',1750,,142,110,,,0,155,,143,110,,,0,99,,144,110,,,0
900,'Semaine-01',526,,292,520,,,0,105,,303,520,,,0,74,,300,520,,,0,39,,304,520,,,0,95,,305,520,,,0,101,,293,520,,,0,100,,294,520,,,0,100,,306,520,,,0,110,,295,520,,,0,105,,307,520,,,0,96,,296,520,,,0,100,,291,520,,,0,156,,302,520,,,0,43,,301,520,,,0,101,,308,520,,,0,100,,297,520,,,0,98,,298,520,,,0,99,,309,520,,,0,100,,310,520,,,0,100,,299,520,,,0
900,'Week-end-01',631,,311,510,,,0,123,,313,510,,,0,200,,314,510,,,0,200,,315,510,,,0,200,,316,510,,,0,200,,317,510,,,0,200,,318,510,,,0,200,,319,510,,,0,200,,320,510,,,0,198,,312,510,,,0
1101,'Semaine-01',524,,485,370,,,0,76,,487,370,,,0,45,,467,370,,,0,66,,484,370,,,0,46,,468,510,,,0,173,,476,510,,,0,100,,477,510,,,0,99,,478,510,,,0,100,,479,510,,,0,100,,480,510,,,0,100,,481,510,,,0,102,,482,510,,,0,100,,483,510,,,0,115,,469,510,,,0,100,,470,510,,,0,83,,471,510,,,0,98,,472,510,,,0,101,,473,510,,,0,100,,474,510,,,0,100,,475,510,,,0
1101,'Week-end-01',836,,488,510,,,0,198,,489,510,,,0,200,,490,510,,,0,200,,491,510,,,0,200,,492,510,,,0,200,,493,510,,,0,200,,494,510,,,0,200,,495,510,,,0
1400,'Semaine-01',638,,539,250,,,0,73,,523,250,,,0,92,,530,250,,,0,105,,531,250,,,0,103,,532,250,,,0,111,,533,250,,,0,100,,534,250,,,0,100,,535,250,,,0,100,,536,250,,,0,101,,537,250,,,0,100,,524,250,,,0,109,,525,250,,,0,89,,526,250,,,0,102,,527,250,,,0,195,,528,250,,,0,197,,529,250,,,0,195,,538,250,,,0
1400,'Week-end-01',716,,540,250,,,0,207,,541,250,,,0,200,,542,250,,,0,200,,543,250,,,0,200,,544,250,,,0,200,,545,250,,,0,200,,546,250,,,0,200,,547,250,,,0,198,,548,250,,,0
1401,'Semaine-01',626,,577,420,,,0,88,,584,420,,,0,105,,585,420,,,0,105,,586,420,,,0,100,,587,420,,,0,100,,588,420,,,0,99,,589,420,,,0,100,,590,420,,,0,100,,591,420,,,0,101,,578,420,,,0,100,,579,420,,,0,103,,580,420,,,0,102,,581,420,,,0,195,,582,420,,,0,203,,583,420,,,0
1401,'Week-end-01',628,,592,420,,,0,207,,593,420,,,0,200,,594,420,,,0,198,,595,420,,,0,200,,596,420,,,0,197,,597,420,,,0,200,,598,420,,,0,205,,599,420,,,0,200,,600,420,,,0
