100,'Fête-2-01',740,,1075,570,,,0,101,,1076,570,,,0,103,,1067,610,,,0,100,,1068,610,,,0,100,,1069,610,,,0,161,,1070,610,,,0,101,,1071,610,,,0,100,,1072,610,,,0,53,,1077,610,,,0,141,,1073,610,,,0,54,,1074,610,,,0,146,,1078,610,,,0,101,,1079,610,,,0,155,,1080,610,,,0,197,,1081,610,,,0
100,'Semaine-01',740,,1083,330,,,0,101,,38,570,,,0,60,,1082,330,,,0,43,,29,610,,,0,100,,30,610,,,0,100,,31,610,,,0,161,,32,610,,,0,101,,33,610,,,0,100,,34,610,,,0,53,,40,610,,,0,141,,35,610,,,0,54,,36,610,,,0,146,,41,610,,,0,101,,42,610,,,0,155,,43,610,,,0,197,,44,610,,,0
200,'Fête-2-01',1029,,1117,90,0,8,0,174,,1111,90,,,0,309,,1118,90,0,8,0,131,,1112,90,,,0,177,,1113,90,,,0
200,'Semaine-01',1029,,119,90,0,8,0,174,,113,90,,,0,309,,120,90,0,8,0,131,,114,90,,,0,177,,115,90,,,0
800,'Fête-1-01',945,,1141,510,,,0,201,,1142,510,,,0,200,,1143,510,,,0,200,,1144,510,,,0,201,,1145,510,,,0,197,,1146,510,,,0,199,,1147,510,,,0,198,,1148,510,,,0
800,'Fête-2-01',709,,1149,510,,,0,111,,1150,510,,,0,114,,1159,510,,,0,99,,1160,510,,,0,100,,1151,510,,,0,105,,1152,510,,,0,98,,1161,510,,,0,105,,1162,510,,,0,106,,1163,510,,,0,102,,1153,510,,,0,91,,1154,510,,,0,111,,1155,510,,,0,92,,1156,510,,,0,195,,1157,510,,,0,197,,1158,510,,,0
800,'Semaine-01',709,,191,510,,,0,33,,1164,340,,,0,78,,192,510,,,0,39,,1165,510,,,0,75,,201,510,,,0,99,,202,510,,,0,100,,193,510,,,0,105,,194,510,,,0,98,,203,510,,,0,105,,204,510,,,0,106,,205,510,,,0,102,,195,510,,,0,91,,196,510,,,0,111,,197,510,,,0,92,,198,510,,,0,195,,199,510,,,0,197,,200,510,,,0
800,'Week-end-01',945,,207,510,,,0,201,,208,510,,,0,200,,209,510,,,0,200,,210,510,,,0,201,,211,510,,,0,197,,212,510,,,0,199,,213,510,,,0,198,,214,510,,,0
1100,'Fête-1-01',951,,1249,490,,,0,200,,1250,490,,,0,200,,1251,490,,,0,200,,1252,490,,,0,200,,1253,490,,,0,200,,1254,490,,,0,200,,1255,490,,,0,198,,1256,490,,,0
1100,'Fête-2-01',640,,1275,490,,,0,102,,1258,490,,,0,103,,1266,490,,,0,78,,1267,490,,,0,98,,1268,490,,,0,112,,1269,490,,,0,100,,1270,490,,,0,88,,1271,490,,,0,100,,1272,490,,,0,100,,1273,490,,,0,100,,1259,490,,,0,113,,1260,490,,,0,95,,1274,490,,,0,98,,1257,490,,,0,100,,1261,490,,,0,93,,1262,490,,,0,100,,1263,490,,,0,100,,1264,490,,,0,98,,1265,490,,,0
1100,'Semaine-01',640,,430,490,,,0,102,,411,490,,,0,100,,1277,350,,,0,3,,420,490,,,0,78,,421,490,,,0,98,,422,490,,,0,112,,423,490,,,0,100,,424,490,,,0,88,,425,490,,,0,100,,426,490,,,0,100,,427,490,,,0,100,,412,490,,,0,34,,1276,490,,,0,79,,413,490,,,0,25,,1278,490,,,0,70,,428,490,,,0,19,,1279,490,,,0,79,,408,490,,,0,100,,415,490,,,0,93,,416,490,,,0,100,,417,490,,,0,100,,418,490,,,0,98,,419,490,,,0
1100,'Week-end-01',951,,431,490,,,0,200,,432,490,,,0,200,,433,490,,,0,200,,434,490,,,0,200,,435,490,,,0,200,,436,490,,,0,200,,437,490,,,0,198,,438,490,,,0
1400,'Fête-1-01',741,,1309,510,,,0,207,,1310,510,,,0,200,,1311,510,,,0,200,,1312,510,,,0,200,,1313,510,,,0,200,,1314,510,,,0,200,,1315,510,,,0,200,,1316,510,,,0,198,,1317,510,,,0,187,,1318,420,,,0
1400,'Fête-2-01',658,,1335,510,,,0,73,,1319,510,,,0,94,,1326,510,,,0,104,,1327,510,,,0,103,,1328,510,,,0,111,,1329,510,,,0,100,,1330,510,,,0,101,,1331,510,,,0,100,,1332,510,,,0,103,,1333,510,,,0,101,,1320,510,,,0,107,,1321,510,,,0,87,,1322,510,,,0,102,,1323,510,,,0,193,,1324,510,,,0,196,,1325,510,,,0,194,,1334,510,,,0
1400,'Semaine-01',658,,539,510,,,0,73,,523,510,,,0,94,,530,510,,,0,104,,531,510,,,0,103,,532,510,,,0,111,,533,510,,,0,100,,534,510,,,0,101,,535,510,,,0,100,,536,510,,,0,103,,537,510,,,0,101,,524,510,,,0,107,,525,510,,,0,87,,526,510,,,0,102,,527,510,,,0,193,,528,510,,,0,196,,529,510,,,0,194,,538,510,,,0
1400,'Week-end-01',741,,540,510,,,0,207,,541,510,,,0,200,,542,510,,,0,200,,543,510,,,0,200,,544,510,,,0,200,,545,510,,,0,200,,546,510,,,0,200,,547,510,,,0,198,,548,510,,,0,187,,549,420,,,0
10000,'Fête-2-01',1658,,1418,560,,,0,70,,1419,560,,,0,25,,1422,560,,,0,85,,1420,560,,,0,84,,1421,560,,,0
10000,'Semaine-01',1658,,719,560,,,0,70,,720,560,,,0,25,,724,560,,,0,85,,722,560,,,0,84,,723,560,,,0
40000,'Semaine-01',727,,883,560,,,0,116,,907,560,,,0,64,,908,560,,,0
