1100,'Fête-1-01',1001,,1249,640,,,0,200,,1250,640,,,0,200,,1251,640,,,0,200,,1252,640,,,0,200,,1253,640,,,0,200,,1254,640,,,0,200,,1255,640,,,0,158,,1256,640,,,0
1100,'Fête-2-01',701,,1275,730,,,0,102,,1258,730,,,0,105,,1266,730,,,0,26,,1267,640,,,0,97,,1268,640,,,0,112,,1269,640,,,0,100,,1270,640,,,0,88,,1271,640,,,0,100,,1272,640,,,0,100,,1273,640,,,0,111,,1259,730,,,0,113,,1260,730,,,0,95,,1274,730,,,0,87,,1257,640,,,0,100,,1261,640,,,0,92,,1262,640,,,0,100,,1263,640,,,0,100,,1264,640,,,0,98,,1265,640,,,0
1100,'Semaine-01',701,,430,730,,,0,102,,411,730,,,0,105,,420,730,,,0,26,,421,640,,,0,97,,422,640,,,0,112,,423,640,,,0,100,,424,640,,,0,88,,425,640,,,0,100,,426,640,,,0,100,,427,640,,,0,111,,412,730,,,0,75,,1276,730,,,0,38,,413,730,,,0,65,,1278,730,,,0,30,,428,730,,,0,58,,1279,730,,,0,29,,408,640,,,0,100,,415,640,,,0,92,,416,640,,,0,100,,417,640,,,0,100,,418,640,,,0,98,,419,640,,,0
1100,'Week-end-01',1001,,431,640,,,0,200,,432,640,,,0,200,,433,640,,,0,200,,434,640,,,0,200,,435,640,,,0,200,,436,640,,,0,200,,437,640,,,0,158,,438,640,,,0
1400,'Fête-1-01',746,,1309,640,,,0,207,,1310,640,,,0,200,,1311,640,,,0,200,,1312,640,,,0,200,,1313,640,,,0,200,,1314,640,,,0,200,,1315,640,,,0,200,,1316,640,,,0,198,,1317,640,,,0,187,,1318,550,,,0
1400,'Fête-2-01',705,,1335,640,,,0,33,,1319,640,,,0,95,,1326,640,,,0,103,,1327,640,,,0,103,,1328,640,,,0,111,,1329,640,,,0,100,,1330,640,,,0,101,,1331,640,,,0,100,,1332,640,,,0,104,,1333,640,,,0,101,,1320,640,,,0,145,,1321,640,,,0,46,,1322,640,,,0,102,,1323,640,,,0,193,,1324,640,,,0,196,,1325,640,,,0,194,,1334,640,,,0
1400,'Semaine-01',705,,539,640,,,0,33,,523,640,,,0,95,,530,640,,,0,103,,531,640,,,0,103,,532,640,,,0,111,,533,640,,,0,100,,534,640,,,0,101,,535,640,,,0,100,,536,640,,,0,104,,537,640,,,0,101,,524,640,,,0,145,,525,640,,,0,46,,526,640,,,0,102,,527,640,,,0,193,,528,640,,,0,196,,529,640,,,0,194,,538,640,,,0
1400,'Week-end-01',746,,540,640,,,0,207,,541,640,,,0,200,,542,640,,,0,200,,543,640,,,0,200,,544,640,,,0,200,,545,640,,,0,200,,546,640,,,0,200,,547,640,,,0,198,,548,640,,,0,187,,549,550,,,0
10000,'Fête-2-01',1706,,1418,690,,,0,30,,1419,690,,,0,65,,1422,690,,,0,45,,1420,690,,,0
10000,'Semaine-01',1706,,719,690,,,0,30,,720,690,,,0,65,,724,690,,,0,45,,722,690,,,0
