801,'Fête-1-01',829,,1166,150,,,0,200,,1167,150,,,0,196,,1168,150,,,0,200,,1169,150,,,0,200,,1170,150,,,0,200,,1171,150,,,0,202,,1172,150,,,0,200,,1173,150,,,0
801,'Fête-2-01',617,,1187,30,,,0,188,,1180,150,,,0,112,,1181,150,,,0,100,,1182,150,,,0,103,,1183,150,,,0,103,,1184,150,,,0,104,,1185,150,,,0,101,,1186,150,,,0,95,,1174,150,,,0,104,,1175,150,,,0,97,,1176,150,,,0,102,,1177,150,,,0,195,,1178,150,,,0,201,,1179,150,,,0
801,'Semaine-01',617,,252,30,,,0,188,,245,150,,,0,112,,246,150,,,0,100,,247,150,,,0,103,,248,150,,,0,103,,249,150,,,0,104,,250,150,,,0,101,,251,150,,,0,95,,238,150,,,0,104,,239,150,,,0,29,,1188,160,,,0,68,,241,150,,,0,102,,242,150,,,0,195,,243,150,,,0,201,,244,150,,,0
801,'Week-end-01',829,,253,150,,,0,200,,254,150,,,0,196,,255,150,,,0,200,,256,150,,,0,200,,257,150,,,0,200,,258,150,,,0,202,,259,150,,,0,200,,260,150,,,0
30001,'Fête-2-01',436,,1465,30,,,0,65,,1459,30,,,0,35,,1460,30,,,0,69,,1463,30,,,0,20,,1461,30,,,0,75,,1464,30,,,0,30,,1462,30,,,0
30001,'Semaine-01',436,,807,30,,,0,65,,801,30,,,0,35,,802,30,,,0,69,,805,30,,,0,20,,803,30,,,0,75,,806,30,,,0,30,,804,30,,,0
40001,'Fête-1-01',630,,1526,30,,,0,106,,1527,30,,,0,99,,1528,30,,,0,100,,1529,30,,,0,99,,1530,30,,,0,100,,1531,30,,,0,100,,1532,30,,,0,96,,1533,30,,,0,99,,1534,30,,,0,103,,1535,30,,,0,100,,1536,30,,,0,100,,1537,30,,,0,100,,1538,30,,,0,101,,1539,30,,,0,100,,1540,30,,,0,100,,1541,30,,,0,102,,1542,30,,,0,101,,1543,30,,,0,100,,1544,30,,,0
40001,'Fête-2-01',421,,1587,30,,,0,23,,1588,30,,,0,70,,1581,30,,,0,30,,1583,30,,,0,10,,1584,30,,,0,60,,1564,30,,,0,20,,1585,30,,,0,15,,1586,30,,,0,70,,1576,30,,,0,30,,1577,30,,,0,10,,1582,30,,,0,70,,1578,30,,,0,101,,1579,30,,,0,77,,1551,30,,,0,23,,1580,30,,,0,100,,1565,30,,,0,78,,1545,30,,,0,22,,1566,30,,,0,105,,1567,30,,,0,99,,1568,30,,,0,20,,1553,30,,,0,80,,1569,30,,,0,101,,1589,30,,,0,66,,1590,150,,,0,28,,1562,150,,,0,72,,1552,30,,,0,25,,1563,150,,,0,32,,1549,30,,,0,71,,1570,30,,,0,101,,1571,30,,,0,102,,1572,30,,,0,96,,1573,30,,,0,100,,1574,30,,,0,104,,1575,30,,,0
40001,'Semaine-01',421,,1036,30,,,0,23,,1037,30,,,0,70,,1030,30,,,0,30,,1032,30,,,0,10,,1033,30,,,0,60,,1013,30,,,0,20,,1034,30,,,0,15,,1035,30,,,0,70,,1025,30,,,0,30,,1026,30,,,0,10,,1031,30,,,0,70,,1027,30,,,0,101,,1028,30,,,0,77,,999,30,,,0,23,,1029,30,,,0,100,,1014,30,,,0,78,,993,30,,,0,22,,1015,30,,,0,105,,1016,30,,,0,99,,1017,30,,,0,20,,1001,30,,,0,80,,1018,30,,,0,101,,1038,30,,,0,66,,1039,150,,,0,28,,1011,150,,,0,72,,1000,30,,,0,25,,1012,150,,,0,32,,997,30,,,0,71,,1019,30,,,0,101,,1020,30,,,0,102,,1021,30,,,0,96,,1022,30,,,0,100,,1023,30,,,0,104,,1024,30,,,0
40001,'Week-end-01',630,,1040,30,,,0,106,,1041,30,,,0,99,,1042,30,,,0,100,,1043,30,,,0,99,,1044,30,,,0,100,,1045,30,,,0,100,,1046,30,,,0,96,,1047,30,,,0,99,,1048,30,,,0,103,,1049,30,,,0,100,,1050,30,,,0,100,,1051,30,,,0,100,,1052,30,,,0,101,,1053,30,,,0,100,,1054,30,,,0,100,,1055,30,,,0,102,,1056,30,,,0,101,,1057,30,,,0,100,,1058,30,,,0
