1100,'Fête-1-01',946,,1249,430,,,0,200,,1250,430,,,0,200,,1251,430,,,0,200,,1252,430,,,0,200,,1253,430,,,0,200,,1254,430,,,0,200,,1255,430,,,0,198,,1256,430,,,0
1100,'Fête-2-01',635,,1275,430,,,0,101,,1258,430,,,0,103,,1266,430,,,0,77,,1267,430,,,0,100,,1268,430,,,0,112,,1269,430,,,0,100,,1270,430,,,0,88,,1271,430,,,0,100,,1272,430,,,0,100,,1273,430,,,0,100,,1259,430,,,0,112,,1260,430,,,0,95,,1274,430,,,0,99,,1257,430,,,0,100,,1261,430,,,0,93,,1262,430,,,0,100,,1263,430,,,0,100,,1264,430,,,0,98,,1265,430,,,0
1100,'Semaine-01',635,,430,430,,,0,101,,411,430,,,0,99,,1277,290,,,0,4,,420,430,,,0,77,,421,430,,,0,100,,422,430,,,0,112,,423,430,,,0,100,,424,430,,,0,88,,425,430,,,0,100,,426,430,,,0,100,,427,430,,,0,100,,412,430,,,0,32,,1276,430,,,0,80,,413,430,,,0,25,,1278,430,,,0,70,,428,430,,,0,19,,1279,430,,,0,80,,408,430,,,0,100,,415,430,,,0,93,,416,430,,,0,100,,417,430,,,0,100,,418,430,,,0,98,,419,430,,,0
1100,'Week-end-01',946,,431,430,,,0,200,,432,430,,,0,200,,433,430,,,0,200,,434,430,,,0,200,,435,430,,,0,200,,436,430,,,0,200,,437,430,,,0,198,,438,430,,,0
1400,'Fête-1-01',735,,1309,450,,,0,207,,1310,450,,,0,200,,1311,450,,,0,200,,1312,450,,,0,200,,1313,450,,,0,200,,1314,450,,,0,200,,1315,450,,,0,200,,1316,450,,,0,198,,1317,450,,,0,187,,1318,360,,,0
1400,'Fête-2-01',652,,1335,450,,,0,73,,1319,450,,,0,94,,1326,450,,,0,104,,1327,450,,,0,103,,1328,450,,,0,111,,1329,450,,,0,100,,1330,450,,,0,101,,1331,450,,,0,100,,1332,450,,,0,103,,1333,450,,,0,101,,1320,450,,,0,107,,1321,450,,,0,87,,1322,450,,,0,102,,1323,450,,,0,193,,1324,450,,,0,197,,1325,450,,,0,194,,1334,450,,,0
1400,'Semaine-01',652,,539,450,,,0,73,,523,450,,,0,94,,530,450,,,0,104,,531,450,,,0,103,,532,450,,,0,111,,533,450,,,0,100,,534,450,,,0,101,,535,450,,,0,100,,536,450,,,0,103,,537,450,,,0,101,,524,450,,,0,107,,525,450,,,0,87,,526,450,,,0,102,,527,450,,,0,193,,528,450,,,0,197,,529,450,,,0,194,,538,450,,,0
1400,'Week-end-01',735,,540,450,,,0,207,,541,450,,,0,200,,542,450,,,0,200,,543,450,,,0,200,,544,450,,,0,200,,545,450,,,0,200,,546,450,,,0,200,,547,450,,,0,198,,548,450,,,0,187,,549,360,,,0
10000,'Fête-2-01',1651,,1418,500,,,0,70,,1419,500,,,0,25,,1422,500,,,0,85,,1420,500,,,0,84,,1421,500,,,0
10000,'Semaine-01',1651,,719,500,,,0,70,,720,500,,,0,25,,724,500,,,0,85,,722,500,,,0,84,,723,500,,,0
