900,'Fête-1-01',634,,1189,540,,,0,123,,1191,540,,,0,200,,1192,540,,,0,200,,1193,540,,,0,200,,1194,540,,,0,200,,1195,540,,,0,200,,1196,540,,,0,200,,1197,540,,,0,200,,1198,540,,,0,198,,1190,540,,,0
900,'Fête-2-01',529,,1200,550,,,0,105,,1211,550,,,0,74,,1208,550,,,0,39,,1212,550,,,0,95,,1213,550,,,0,101,,1201,550,,,0,100,,1202,550,,,0,100,,1214,550,,,0,110,,1203,550,,,0,105,,1215,550,,,0,96,,1204,550,,,0,100,,1199,550,,,0,156,,1210,550,,,0,43,,1209,550,,,0,101,,1216,550,,,0,100,,1205,550,,,0,98,,1206,550,,,0,99,,1217,550,,,0,100,,1218,550,,,0,100,,1207,550,,,0
900,'Semaine-01',529,,292,550,,,0,105,,303,550,,,0,74,,300,550,,,0,39,,304,550,,,0,95,,305,550,,,0,101,,293,550,,,0,100,,294,550,,,0,100,,306,550,,,0,110,,295,550,,,0,105,,307,550,,,0,96,,296,550,,,0,100,,291,550,,,0,156,,302,550,,,0,43,,301,550,,,0,101,,308,550,,,0,100,,297,550,,,0,98,,298,550,,,0,99,,309,550,,,0,100,,310,550,,,0,100,,299,550,,,0
900,'Week-end-01',634,,311,540,,,0,123,,313,540,,,0,200,,314,540,,,0,200,,315,540,,,0,200,,316,540,,,0,200,,317,540,,,0,200,,318,540,,,0,200,,319,540,,,0,200,,320,540,,,0,198,,312,540,,,0
1101,'Fête-1-01',839,,1280,540,,,0,198,,1281,540,,,0,200,,1282,540,,,0,200,,1283,540,,,0,200,,1284,540,,,0,200,,1285,540,,,0,200,,1286,540,,,0,200,,1287,540,,,0
1101,'Fête-2-01',531,,1306,400,,,0,72,,1307,400,,,0,45,,1288,400,,,0,65,,1305,400,,,0,87,,1289,540,,,0,133,,1297,540,,,0,100,,1298,540,,,0,99,,1299,540,,,0,100,,1300,540,,,0,100,,1301,540,,,0,100,,1302,540,,,0,102,,1303,540,,,0,100,,1304,540,,,0,111,,1290,540,,,0,104,,1291,540,,,0,83,,1292,540,,,0,98,,1293,540,,,0,101,,1294,540,,,0,100,,1295,540,,,0,100,,1296,540,,,0
1101,'Semaine-01',531,,485,400,,,0,72,,487,400,,,0,45,,467,400,,,0,65,,484,400,,,0,87,,468,540,,,0,133,,476,540,,,0,100,,477,540,,,0,99,,478,540,,,0,100,,479,540,,,0,100,,480,540,,,0,100,,481,540,,,0,102,,482,540,,,0,100,,483,540,,,0,81,,1308,540,,,0,30,,469,540,,,0,104,,470,540,,,0,83,,471,540,,,0,98,,472,540,,,0,101,,473,540,,,0,100,,474,540,,,0,100,,475,540,,,0
1101,'Week-end-01',839,,488,540,,,0,198,,489,540,,,0,200,,490,540,,,0,200,,491,540,,,0,200,,492,540,,,0,200,,493,540,,,0,200,,494,540,,,0,200,,495,540,,,0
1500,'Fête-1-01',919,,1362,230,,,1,100,,1363,230,,,1,100,,1364,230,,,1,100,,1365,230,,,1,101,,1366,230,,,1,100,,1367,230,,,1,100,,1368,230,,,1,100,,1369,230,,,1,100,,1370,230,,,1,100,,1371,230,,,1,100,,1372,230,,,1,198,,1373,230,,,1,200,,1374,230,,,1
1500,'Fête-2-01',717,,1375,230,,,1,91,,1382,230,,,1,99,,1383,230,,,1,100,,1384,230,,,1,100,,1385,230,,,1,108,,1386,230,,,1,96,,1387,230,,,1,100,,1388,230,,,1,100,,1389,230,,,1,107,,1376,230,,,1,104,,1377,230,,,1,97,,1378,230,,,1,102,,1379,230,,,1,194,,1380,230,,,1,201,,1381,230,,,1
1500,'Semaine-01',717,,629,230,,,1,91,,636,230,,,1,99,,637,230,,,1,100,,638,230,,,1,100,,639,230,,,1,108,,640,230,,,1,96,,641,230,,,1,100,,642,230,,,1,100,,643,230,,,1,107,,630,230,,,1,104,,631,230,,,1,97,,632,230,,,1,102,,633,230,,,1,194,,634,230,,,1,201,,635,230,,,1
1500,'Week-end-01',919,,644,230,,,1,100,,645,230,,,1,100,,646,230,,,1,100,,647,230,,,1,101,,648,230,,,1,100,,649,230,,,1,100,,650,230,,,1,100,,651,230,,,1,100,,652,230,,,1,100,,653,230,,,1,100,,654,230,,,1,198,,655,230,,,1,200,,656,230,,,1
1501,'Fête-1-01',842,,1390,270,,,1,100,,1391,270,,,1,100,,1392,270,,,1,100,,1393,270,,,1,100,,1394,270,,,1,100,,1395,270,,,1,98,,1396,270,,,1,100,,1397,270,,,1,100,,1398,270,,,1,100,,1399,270,,,1,100,,1400,270,,,1,202,,1401,270,,,1,200,,1402,270,,,1
1501,'Fête-2-01',641,,1403,270,,,1,95,,1410,270,,,1,97,,1411,270,,,1,98,,1412,270,,,1,100,,1413,270,,,1,105,,1414,270,,,1,101,,1415,270,,,1,100,,1416,270,,,1,100,,1417,270,,,1,99,,1404,270,,,1,101,,1405,270,,,1,106,,1406,270,,,1,91,,1407,270,,,1,205,,1408,270,,,1,198,,1409,270,,,1
1501,'Semaine-01',641,,685,270,,,1,95,,692,270,,,1,97,,693,270,,,1,98,,694,270,,,1,100,,695,270,,,1,105,,696,270,,,1,101,,697,270,,,1,100,,698,270,,,1,100,,699,270,,,1,99,,686,270,,,1,101,,687,270,,,1,106,,688,270,,,1,91,,689,270,,,1,205,,690,270,,,1,198,,691,270,,,1
1501,'Week-end-01',842,,700,270,,,1,100,,701,270,,,1,100,,702,270,,,1,100,,703,270,,,1,100,,704,270,,,1,100,,705,270,,,1,98,,706,270,,,1,100,,707,270,,,1,100,,708,270,,,1,100,,709,270,,,1,100,,710,270,,,1,202,,711,270,,,1,200,,712,270,,,1
30000,'Fête-2-01',627,,1451,280,,,0,198,,1452,280,,,0,383,,1453,280,,,0,398,,1454,280,,,0,120,,1455,280,,,0,96,,1456,280,,,0,92,,1457,280,,,0,492,,1458,280,,,0
30000,'Semaine-01',627,,786,280,,,0,198,,787,280,,,0,383,,788,280,,,0,398,,789,280,,,0,120,,790,280,,,0,96,,791,280,,,0,92,,792,280,,,0,492,,793,280,,,0
30001,'Fête-2-01',449,,1465,180,,,0,65,,1459,180,,,0,35,,1460,180,,,0,70,,1463,180,,,0,20,,1461,180,,,0,75,,1464,180,,,0,30,,1462,180,,,0
30001,'Semaine-01',449,,807,180,,,0,65,,801,180,,,0,35,,802,180,,,0,70,,805,180,,,0,20,,803,180,,,0,75,,806,180,,,0,30,,804,180,,,0
40000,'Fête-1-01',802,,1466,300,0,7,0,110,,1467,300,0,7,0,101,,1468,300,0,7,0,101,,1469,300,0,7,0,100,,1470,300,0,7,0,100,,1471,300,0,7,0,100,,1472,300,0,7,0,100,,1473,300,0,7,0,100,,1474,300,0,7,0,102,,1475,300,0,7,0,100,,1476,300,0,7,0,99,,1477,300,0,7,0,100,,1478,300,0,7,0,98,,1479,300,0,7,0,100,,1480,300,0,7,0,99,,1481,300,0,7,0,100,,1482,300,0,7,0,100,,1483,300,0,7,0,100,,1484,300,0,7,0
40000,'Fête-2-01',657,,1500,300,,,0,83,,1492,300,0,7,0,71,,1524,300,,,0,24,,1525,300,,,0,65,,1486,300,0,6 7,0,20,,1493,300,0,7,0,80,,1494,300,0,7,0,20,,1507,300,0,7,0,33,,1487,300,0,6 7,0,60,,1516,300,0,7,0,40,,1498,300,0,6 7,0,67,,1485,300,0,7,0,80,,1488,300,0,6 7,0,20,,1519,300,0,7,0,81,,1489,300,0,6 7,0,19,,1520,300,0,7,0,80,,1490,300,0,7,0,23,,1499,300,0,6 7,0,17,,1521,300,0,7,0,70,,1522,300,0,7,0,15,,1523,300,0,7,0,15,,1502,300,0,7,0,15,,1503,300,0,7,0,50,,1504,300,0,7,0,10,,1505,300,0,7,0,29,,1506,300,0,7,0,10,,1508,300,0,7,0,59,,1509,300,0,7,0,20,,1510,300,0,7,0,19,,1511,300,0,7,0,93,,1512,300,0,7,0,65,,1491,300,0,7,0,30,,1513,300,0,7,0,70,,1495,300,0,7,0,30,,1514,300,0,7,0,70,,1496,300,0,7,0,30,,1515,300,0,7,0,70,,1497,300,0,7,0,30,,1517,300,0,7,0,165,,1501,300,0,7,0,100,,1518,300,0,7,0
40000,'Semaine-01',657,,883,300,,,0,83,,875,300,0,7,0,71,,907,300,,,0,24,,908,300,,,0,65,,869,300,0,6 7,0,20,,876,300,0,7,0,80,,877,300,0,7,0,20,,890,300,0,7,0,33,,870,300,0,6 7,0,60,,899,300,0,7,0,40,,881,300,0,6 7,0,67,,868,300,0,7,0,80,,871,300,0,6 7,0,20,,902,300,0,7,0,81,,872,300,0,6 7,0,19,,903,300,0,7,0,80,,873,300,0,7,0,23,,882,300,0,6 7,0,17,,904,300,0,7,0,70,,905,300,0,7,0,15,,906,300,0,7,0,15,,885,300,0,7,0,15,,886,300,0,7,0,50,,887,300,0,7,0,10,,888,300,0,7,0,29,,889,300,0,7,0,10,,891,300,0,7,0,59,,892,300,0,7,0,20,,893,300,0,7,0,19,,894,300,0,7,0,93,,895,300,0,7,0,65,,874,300,0,7,0,30,,896,300,0,7,0,70,,878,300,0,7,0,30,,897,300,0,7,0,70,,879,300,0,7,0,30,,898,300,0,7,0,70,,880,300,0,7,0,30,,900,300,0,7,0,165,,884,300,0,7,0,100,,901,300,0,7,0
40000,'Week-end-01',802,,909,300,0,7,0,110,,910,300,0,7,0,101,,911,300,0,7,0,101,,912,300,0,7,0,100,,913,300,0,7,0,100,,914,300,0,7,0,100,,915,300,0,7,0,100,,916,300,0,7,0,100,,917,300,0,7,0,102,,918,300,0,7,0,100,,919,300,0,7,0,99,,920,300,0,7,0,100,,921,300,0,7,0,98,,922,300,0,7,0,100,,923,300,0,7,0,99,,924,300,0,7,0,100,,925,300,0,7,0,100,,926,300,0,7,0,100,,927,300,0,7,0
40001,'Fête-1-01',641,,1526,180,,,0,109,,1527,180,,,0,99,,1528,180,,,0,100,,1529,180,,,0,100,,1530,180,,,0,100,,1531,180,,,0,100,,1532,180,,,0,98,,1533,180,,,0,98,,1534,180,,,0,101,,1535,180,,,0,100,,1536,180,,,0,100,,1537,180,,,0,100,,1538,180,,,0,101,,1539,180,,,0,100,,1540,180,,,0,100,,1541,180,,,0,101,,1542,180,,,0,101,,1543,180,,,0,100,,1544,180,,,0
40001,'Fête-2-01',435,,1587,180,,,0,23,,1588,180,,,0,70,,1581,180,,,0,30,,1583,180,,,0,50,,1584,180,,,0,20,,1564,180,,,0,20,,1585,180,,,0,55,,1586,180,,,0,30,,1576,180,,,0,70,,1577,180,,,0,10,,1582,180,,,0,30,,1578,180,,,0,101,,1579,180,,,0,77,,1551,180,,,0,23,,1580,180,,,0,100,,1565,180,,,0,78,,1545,180,,,0,22,,1566,180,,,0,105,,1567,180,,,0,99,,1568,180,,,0,60,,1553,180,,,0,40,,1569,180,,,0,101,,1589,180,,,0,66,,1590,300,,,0,28,,1562,300,,,0,71,,1552,180,,,0,25,,1563,300,,,0,72,,1549,180,,,0,31,,1570,180,,,0,100,,1571,180,,,0,102,,1572,180,,,0,96,,1573,180,,,0,100,,1574,180,,,0,104,,1575,180,,,0
40001,'Semaine-01',435,,1036,180,,,0,23,,1037,180,,,0,70,,1030,180,,,0,30,,1032,180,,,0,50,,1033,180,,,0,20,,1013,180,,,0,20,,1034,180,,,0,55,,1035,180,,,0,30,,1025,180,,,0,70,,1026,180,,,0,10,,1031,180,,,0,30,,1027,180,,,0,101,,1028,180,,,0,77,,999,180,,,0,23,,1029,180,,,0,100,,1014,180,,,0,78,,993,180,,,0,22,,1015,180,,,0,105,,1016,180,,,0,99,,1017,180,,,0,60,,1001,180,,,0,40,,1018,180,,,0,101,,1038,180,,,0,66,,1039,300,,,0,28,,1011,300,,,0,71,,1000,180,,,0,25,,1012,300,,,0,72,,997,180,,,0,31,,1019,180,,,0,100,,1020,180,,,0,102,,1021,180,,,0,96,,1022,180,,,0,100,,1023,180,,,0,104,,1024,180,,,0
40001,'Week-end-01',641,,1040,180,,,0,109,,1041,180,,,0,99,,1042,180,,,0,100,,1043,180,,,0,100,,1044,180,,,0,100,,1045,180,,,0,100,,1046,180,,,0,98,,1047,180,,,0,98,,1048,180,,,0,101,,1049,180,,,0,100,,1050,180,,,0,100,,1051,180,,,0,100,,1052,180,,,0,101,,1053,180,,,0,100,,1054,180,,,0,100,,1055,180,,,0,101,,1056,180,,,0,101,,1057,180,,,0,100,,1058,180,,,0
