100,'Fête-2-01',742,,1075,610,,,0,101,,1076,610,,,0,104,,1067,650,,,0,100,,1068,650,,,0,100,,1069,650,,,0,161,,1070,650,,,0,101,,1071,650,,,0,100,,1072,650,,,0,93,,1077,650,,,0,100,,1073,650,,,0,54,,1074,650,,,0,146,,1078,650,,,0,101,,1079,650,,,0,155,,1080,650,,,0,197,,1081,650,,,0
100,'Semaine-01',742,,1083,370,,,0,101,,38,610,,,0,60,,1082,370,,,0,44,,29,650,,,0,100,,30,650,,,0,100,,31,650,,,0,161,,32,650,,,0,101,,33,650,,,0,100,,34,650,,,0,93,,40,650,,,0,100,,35,650,,,0,54,,36,650,,,0,146,,41,650,,,0,101,,42,650,,,0,155,,43,650,,,0,197,,44,650,,,0
200,'Fête-2-01',1031,,1117,130,0,8,0,174,,1111,130,,,0,309,,1118,130,0,8,0,132,,1112,130,,,0,177,,1113,130,,,0
200,'Semaine-01',1031,,119,130,0,8,0,174,,113,130,,,0,309,,120,130,0,8,0,132,,114,130,,,0,177,,115,130,,,0
600,'Fête-2-01',541,,1136,300,,,0,109,,1134,300,,,0,207,,1135,300,,,0
600,'Semaine-01',541,,156,300,,,0,109,,154,300,,,0,207,,155,300,,,0
800,'Fête-1-01',947,,1141,550,,,0,201,,1142,550,,,0,200,,1143,550,,,0,200,,1144,550,,,0,201,,1145,550,,,0,197,,1146,550,,,0,199,,1147,550,,,0,198,,1148,550,,,0
800,'Fête-2-01',711,,1149,550,,,0,110,,1150,550,,,0,114,,1159,550,,,0,99,,1160,550,,,0,100,,1151,550,,,0,105,,1152,550,,,0,99,,1161,550,,,0,105,,1162,550,,,0,106,,1163,550,,,0,102,,1153,550,,,0,91,,1154,550,,,0,111,,1155,550,,,0,92,,1156,550,,,0,194,,1157,550,,,0,197,,1158,550,,,0
800,'Semaine-01',711,,191,550,,,0,32,,1164,380,,,0,78,,192,550,,,0,79,,1165,550,,,0,35,,201,550,,,0,99,,202,550,,,0,100,,193,550,,,0,105,,194,550,,,0,99,,203,550,,,0,105,,204,550,,,0,106,,205,550,,,0,102,,195,550,,,0,91,,196,550,,,0,111,,197,550,,,0,92,,198,550,,,0,194,,199,550,,,0,197,,200,550,,,0
800,'Week-end-01',947,,207,550,,,0,201,,208,550,,,0,200,,209,550,,,0,200,,210,550,,,0,201,,211,550,,,0,197,,212,550,,,0,199,,213,550,,,0,198,,214,550,,,0
1100,'Fête-1-01',954,,1249,530,,,0,200,,1250,530,,,0,200,,1251,530,,,0,200,,1252,530,,,0,200,,1253,530,,,0,200,,1254,530,,,0,200,,1255,530,,,0,198,,1256,530,,,0
1100,'Fête-2-01',643,,1275,530,,,0,101,,1258,530,,,0,104,,1266,530,,,0,78,,1267,530,,,0,98,,1268,530,,,0,112,,1269,530,,,0,100,,1270,530,,,0,88,,1271,530,,,0,100,,1272,530,,,0,100,,1273,530,,,0,100,,1259,530,,,0,113,,1260,530,,,0,95,,1274,530,,,0,98,,1257,530,,,0,100,,1261,530,,,0,92,,1262,530,,,0,100,,1263,530,,,0,100,,1264,530,,,0,98,,1265,530,,,0
1100,'Semaine-01',643,,430,530,,,0,101,,411,530,,,0,101,,1277,390,,,0,3,,420,530,,,0,78,,421,530,,,0,98,,422,530,,,0,112,,423,530,,,0,100,,424,530,,,0,88,,425,530,,,0,100,,426,530,,,0,100,,427,530,,,0,100,,412,530,,,0,34,,1276,530,,,0,79,,413,530,,,0,65,,1278,530,,,0,30,,428,530,,,0,18,,1279,530,,,0,80,,408,530,,,0,100,,415,530,,,0,92,,416,530,,,0,100,,417,530,,,0,100,,418,530,,,0,98,,419,530,,,0
1100,'Week-end-01',954,,431,530,,,0,200,,432,530,,,0,200,,433,530,,,0,200,,434,530,,,0,200,,435,530,,,0,200,,436,530,,,0,200,,437,530,,,0,198,,438,530,,,0
1400,'Fête-1-01',742,,1309,550,,,0,207,,1310,550,,,0,200,,1311,550,,,0,200,,1312,550,,,0,200,,1313,550,,,0,200,,1314,550,,,0,200,,1315,550,,,0,200,,1316,550,,,0,198,,1317,550,,,0,187,,1318,460,,,0
1400,'Fête-2-01',700,,1335,550,,,0,33,,1319,550,,,0,94,,1326,550,,,0,104,,1327,550,,,0,103,,1328,550,,,0,111,,1329,550,,,0,100,,1330,550,,,0,101,,1331,550,,,0,100,,1332,550,,,0,103,,1333,550,,,0,101,,1320,550,,,0,107,,1321,550,,,0,86,,1322,550,,,0,102,,1323,550,,,0,193,,1324,550,,,0,196,,1325,550,,,0,194,,1334,550,,,0
1400,'Semaine-01',700,,539,550,,,0,33,,523,550,,,0,94,,530,550,,,0,104,,531,550,,,0,103,,532,550,,,0,111,,533,550,,,0,100,,534,550,,,0,101,,535,550,,,0,100,,536,550,,,0,103,,537,550,,,0,101,,524,550,,,0,107,,525,550,,,0,86,,526,550,,,0,102,,527,550,,,0,193,,528,550,,,0,196,,529,550,,,0,194,,538,550,,,0
1400,'Week-end-01',742,,540,550,,,0,207,,541,550,,,0,200,,542,550,,,0,200,,543,550,,,0,200,,544,550,,,0,200,,545,550,,,0,200,,546,550,,,0,200,,547,550,,,0,198,,548,550,,,0,187,,549,460,,,0
10000,'Fête-2-01',1700,,1418,600,,,0,30,,1419,600,,,0,25,,1422,600,,,0,85,,1420,600,,,0,84,,1421,600,,,0
10000,'Semaine-01',1700,,719,600,,,0,30,,720,600,,,0,25,,724,600,,,0,85,,722,600,,,0,84,,723,600,,,0
40000,'Semaine-01',730,,883,600,,,0,116,,907,600,,,0,64,,908,600,,,0
