1400,'Fête-1-01',759,,1309,820,4,,0,247,,1310,820,4,,0,200,,1311,820,4,,0,200,,1312,820,4,,0,200,,1313,820,4,,0,200,,1314,820,4,,0,200,,1315,820,4,,0,200,,1316,820,4,,0,198,,1317,820,4,,0,148,,1318,730,4,,0
1400,'Fête-2-01',720,,1335,820,4,,0,33,,1319,820,4,,0,95,,1326,820,4,,0,103,,1327,820,4,,0,103,,1328,820,4,,0,151,,1329,820,4,,0,100,,1330,820,4,,0,101,,1331,820,4,,0,100,,1332,820,4,,0,106,,1333,820,4,,0,101,,1320,820,4,,0,104,,1321,820,4,,0,85,,1322,820,4,,0,102,,1323,820,4,,0,153,,1324,820,4,,0,196,,1325,820,4,,0,194,,1334,820,4,,0
1400,'Semaine-01',720,,539,820,4,,0,33,,523,820,4,,0,95,,530,820,4,,0,103,,531,820,4,,0,103,,532,820,4,,0,151,,533,820,4,,0,100,,534,820,4,,0,101,,535,820,4,,0,100,,536,820,4,,0,106,,537,820,4,,0,101,,524,820,4,,0,104,,525,820,4,,0,85,,526,820,4,,0,102,,527,820,4,,0,153,,528,820,4,,0,196,,529,820,4,,0,194,,538,820,4,,0
1400,'Week-end-01',759,,540,820,4,,0,247,,541,820,4,,0,200,,542,820,4,,0,200,,543,820,4,,0,200,,544,820,4,,0,200,,545,820,4,,0,200,,546,820,4,,0,200,,547,820,4,,0,198,,548,820,4,,0,148,,549,730,4,,0
1401,'Fête-1-01',559,,1336,10,,,0,247,,1337,10,,,0,200,,1338,10,,,0,198,,1339,10,,,0,200,,1340,10,,,0,196,,1341,10,,,0,200,,1342,10,,,0,206,,1343,10,,,0,200,,1344,10,,,0
1401,'Fête-2-01',601,,1345,10,,,0,46,,1352,10,,,0,103,,1353,10,,,0,106,,1354,10,,,0,100,,1355,10,,,0,100,,1356,10,,,0,99,,1357,10,,,0,100,,1358,10,,,0,100,,1359,10,,,0,101,,1346,10,,,0,99,,1347,10,,,0,103,,1348,10,,,0,146,,1349,10,,,0,155,,1350,10,,,0,243,,1351,10,,,0
1401,'Semaine-01',601,,577,10,,,0,46,,584,10,,,0,78,,1361,10,,,0,25,,585,10,,,0,106,,586,10,,,0,100,,587,10,,,0,100,,588,10,,,0,99,,589,10,,,0,100,,590,10,,,0,100,,591,10,,,0,101,,578,10,,,0,99,,579,10,,,0,70,,1360,10,,,0,33,,580,10,,,0,146,,581,10,,,0,155,,582,10,,,0,243,,583,10,,,0
1401,'Week-end-01',559,,592,10,,,0,247,,593,10,,,0,200,,594,10,,,0,198,,595,10,,,0,200,,596,10,,,0,196,,597,10,,,0,200,,598,10,,,0,206,,599,10,,,0,200,,600,10,,,0
10000,'Fête-2-01',1719,,1418,870,,,0,30,,1419,870,,,0,66,,1422,870,,,0,85,,1420,870,,,0
10000,'Semaine-01',1719,,719,870,,,0,30,,720,870,,,0,66,,724,870,,,0,85,,722,870,,,0
10001,'Fête-2-01',440,,1423,110,,,0,103,,1426,110,,,0,77,,1424,110,,,0,31,,1425,110,,,0
10001,'Semaine-01',440,,732,110,,,0,103,,735,110,,,0,77,,733,110,,,0,31,,734,110,,,0
