100,'Fête-2-01',740,,1075,580,,,0,101,,1076,580,,,0,104,,1067,620,,,0,100,,1068,620,,,0,100,,1069,620,,,0,161,,1070,620,,,0,101,,1071,620,,,0,100,,1072,620,,,0,93,,1077,620,,,0,100,,1073,620,,,0,54,,1074,620,,,0,146,,1078,620,,,0,101,,1079,620,,,0,155,,1080,620,,,0,197,,1081,620,,,0
100,'Semaine-01',740,,1083,340,,,0,101,,38,580,,,0,60,,1082,340,,,0,44,,29,620,,,0,100,,30,620,,,0,100,,31,620,,,0,161,,32,620,,,0,101,,33,620,,,0,100,,34,620,,,0,93,,40,620,,,0,100,,35,620,,,0,54,,36,620,,,0,146,,41,620,,,0,101,,42,620,,,0,155,,43,620,,,0,197,,44,620,,,0
200,'Fête-2-01',1030,,1117,100,0,8,0,174,,1111,100,,,0,309,,1118,100,0,8,0,131,,1112,100,,,0,177,,1113,100,,,0
200,'Semaine-01',1030,,119,100,0,8,0,174,,113,100,,,0,309,,120,100,0,8,0,131,,114,100,,,0,177,,115,100,,,0
600,'Fête-2-01',538,,1136,270,,,0,109,,1134,270,,,0,207,,1135,270,,,0
600,'Semaine-01',538,,156,270,,,0,109,,154,270,,,0,207,,155,270,,,0
800,'Fête-1-01',946,,1141,520,,,0,201,,1142,520,,,0,200,,1143,520,,,0,200,,1144,520,,,0,201,,1145,520,,,0,197,,1146,520,,,0,199,,1147,520,,,0,198,,1148,520,,,0
800,'Fête-2-01',710,,1149,520,,,0,110,,1150,520,,,0,114,,1159,520,,,0,99,,1160,520,,,0,100,,1151,520,,,0,105,,1152,520,,,0,98,,1161,520,,,0,105,,1162,520,,,0,106,,1163,520,,,0,103,,1153,520,,,0,91,,1154,520,,,0,111,,1155,520,,,0,92,,1156,520,,,0,194,,1157,520,,,0,197,,1158,520,,,0
800,'Semaine-01',710,,191,520,,,0,32,,1164,350,,,0,78,,192,520,,,0,39,,1165,520,,,0,75,,201,520,,,0,99,,202,520,,,0,100,,193,520,,,0,105,,194,520,,,0,98,,203,520,,,0,105,,204,520,,,0,106,,205,520,,,0,103,,195,520,,,0,91,,196,520,,,0,111,,197,520,,,0,92,,198,520,,,0,194,,199,520,,,0,197,,200,520,,,0
800,'Week-end-01',946,,207,520,,,0,201,,208,520,,,0,200,,209,520,,,0,200,,210,520,,,0,201,,211,520,,,0,197,,212,520,,,0,199,,213,520,,,0,198,,214,520,,,0
1100,'Fête-1-01',952,,1249,500,,,0,200,,1250,500,,,0,200,,1251,500,,,0,200,,1252,500,,,0,200,,1253,500,,,0,200,,1254,500,,,0,200,,1255,500,,,0,198,,1256,500,,,0
1100,'Fête-2-01',641,,1275,500,,,0,102,,1258,500,,,0,103,,1266,500,,,0,78,,1267,500,,,0,98,,1268,500,,,0,112,,1269,500,,,0,100,,1270,500,,,0,88,,1271,500,,,0,100,,1272,500,,,0,100,,1273,500,,,0,100,,1259,500,,,0,113,,1260,500,,,0,95,,1274,500,,,0,98,,1257,500,,,0,100,,1261,500,,,0,93,,1262,500,,,0,100,,1263,500,,,0,100,,1264,500,,,0,98,,1265,500,,,0
1100,'Semaine-01',641,,430,500,,,0,102,,411,500,,,0,100,,1277,360,,,0,3,,420,500,,,0,78,,421,500,,,0,98,,422,500,,,0,112,,423,500,,,0,100,,424,500,,,0,88,,425,500,,,0,100,,426,500,,,0,100,,427,500,,,0,100,,412,500,,,0,34,,1276,500,,,0,79,,413,500,,,0,65,,1278,500,,,0,30,,428,500,,,0,19,,1279,500,,,0,79,,408,500,,,0,100,,415,500,,,0,93,,416,500,,,0,100,,417,500,,,0,100,,418,500,,,0,98,,419,500,,,0
1100,'Week-end-01',952,,431,500,,,0,200,,432,500,,,0,200,,433,500,,,0,200,,434,500,,,0,200,,435,500,,,0,200,,436,500,,,0,200,,437,500,,,0,198,,438,500,,,0
1400,'Fête-1-01',741,,1309,520,,,0,207,,1310,520,,,0,200,,1311,520,,,0,200,,1312,520,,,0,200,,1313,520,,,0,200,,1314,520,,,0,200,,1315,520,,,0,200,,1316,520,,,0,198,,1317,520,,,0,187,,1318,430,,,0
1400,'Fête-2-01',659,,1335,520,,,0,73,,1319,520,,,0,94,,1326,520,,,0,104,,1327,520,,,0,103,,1328,520,,,0,111,,1329,520,,,0,100,,1330,520,,,0,101,,1331,520,,,0,100,,1332,520,,,0,103,,1333,520,,,0,101,,1320,520,,,0,107,,1321,520,,,0,86,,1322,520,,,0,102,,1323,520,,,0,193,,1324,520,,,0,196,,1325,520,,,0,194,,1334,520,,,0
1400,'Semaine-01',659,,539,520,,,0,73,,523,520,,,0,94,,530,520,,,0,104,,531,520,,,0,103,,532,520,,,0,111,,533,520,,,0,100,,534,520,,,0,101,,535,520,,,0,100,,536,520,,,0,103,,537,520,,,0,101,,524,520,,,0,107,,525,520,,,0,86,,526,520,,,0,102,,527,520,,,0,193,,528,520,,,0,196,,529,520,,,0,194,,538,520,,,0
1400,'Week-end-01',741,,540,520,,,0,207,,541,520,,,0,200,,542,520,,,0,200,,543,520,,,0,200,,544,520,,,0,200,,545,520,,,0,200,,546,520,,,0,200,,547,520,,,0,198,,548,520,,,0,187,,549,430,,,0
10000,'Fête-2-01',1659,,1418,570,,,0,70,,1419,570,,,0,25,,1422,570,,,0,85,,1420,570,,,0,84,,1421,570,,,0
10000,'Semaine-01',1659,,719,570,,,0,70,,720,570,,,0,25,,724,570,,,0,85,,722,570,,,0,84,,723,570,,,0
40000,'Semaine-01',728,,883,570,,,0,116,,907,570,,,0,64,,908,570,,,0
