201,'Fête-2-01',743,,1121,300,,,0,116,,1119,300,,,0,245,,1124,170,,,0,207,,1122,300,,,0,239,,1125,170,,,0,209,,1123,300,,,0,163,,1120,300,,,0
201,'Semaine-01',743,,132,300,,,0,116,,130,300,,,0,245,,135,170,,,0,207,,133,300,,,0,239,,136,170,,,0,209,,134,300,,,0,163,,131,300,,,0
601,'Fête-2-01',1713,,1137,30,0,9,0,40,,1138,30,0,9,0,86,,1139,30,0,7,0,89,,1140,30,0,7,0
601,'Semaine-01',1713,,161,30,0,9,0,40,,162,30,0,9,0,86,,163,30,0,7,0,89,,164,30,0,7,0
1401,'Fête-1-01',612,,1336,200,,,0,207,,1337,200,,,0,200,,1338,200,,,0,198,,1339,200,,,0,200,,1340,200,,,0,196,,1341,200,,,0,200,,1342,200,,,0,206,,1343,200,,,0,200,,1344,200,,,0
1401,'Fête-2-01',611,,1345,200,,,0,47,,1352,200,,,0,144,,1353,200,,,0,106,,1354,200,,,0,100,,1355,200,,,0,99,,1356,200,,,0,99,,1357,200,,,0,100,,1358,200,,,0,100,,1359,200,,,0,101,,1346,200,,,0,100,,1347,200,,,0,103,,1348,200,,,0,104,,1349,200,,,0,195,,1350,200,,,0,203,,1351,200,,,0
1401,'Semaine-01',611,,577,200,,,0,47,,584,200,,,0,78,,1361,200,,,0,66,,585,200,,,0,106,,586,200,,,0,100,,587,200,,,0,99,,588,200,,,0,99,,589,200,,,0,100,,590,200,,,0,100,,591,200,,,0,101,,578,200,,,0,100,,579,200,,,0,30,,1360,200,,,0,73,,580,200,,,0,104,,581,200,,,0,195,,582,200,,,0,203,,583,200,,,0
1401,'Week-end-01',612,,592,200,,,0,207,,593,200,,,0,200,,594,200,,,0,198,,595,200,,,0,200,,596,200,,,0,196,,597,200,,,0,200,,598,200,,,0,206,,599,200,,,0,200,,600,200,,,0
10001,'Fête-2-01',451,,1423,300,,,0,151,,1426,300,,,0,37,,1424,300,,,0,71,,1425,300,,,0
10001,'Semaine-01',451,,732,300,,,0,151,,735,300,,,0,37,,733,300,,,0,71,,734,300,,,0
40001,'Fête-2-01',1643,,1590,30,,,0,65,,1562,30,,,0,109,,1563,30,,,0
40001,'Semaine-01',1643,,1039,30,,,0,65,,1011,30,,,0,109,,1012,30,,,0
