201,'Fête-2-01',742,,1121,290,,,0,117,,1119,290,,,0,245,,1124,160,,,0,207,,1122,290,,,0,239,,1125,160,,,0,209,,1123,290,,,0,162,,1120,290,,,0
201,'Semaine-01',742,,132,290,,,0,117,,130,290,,,0,245,,135,160,,,0,207,,133,290,,,0,239,,136,160,,,0,209,,134,290,,,0,162,,131,290,,,0
601,'Fête-2-01',1713,,1137,20,0,9,0,40,,1138,20,0,9,0,86,,1139,20,0,7,0,89,,1140,20,0,7,0
601,'Semaine-01',1713,,161,20,0,9,0,40,,162,20,0,9,0,86,,163,20,0,7,0,89,,164,20,0,7,0
1401,'Fête-1-01',612,,1336,190,,,0,207,,1337,190,,,0,200,,1338,190,,,0,198,,1339,190,,,0,200,,1340,190,,,0,196,,1341,190,,,0,200,,1342,190,,,0,206,,1343,190,,,0,200,,1344,190,,,0
1401,'Fête-2-01',611,,1345,190,,,0,47,,1352,190,,,0,144,,1353,190,,,0,106,,1354,190,,,0,100,,1355,190,,,0,99,,1356,190,,,0,99,,1357,190,,,0,100,,1358,190,,,0,100,,1359,190,,,0,101,,1346,190,,,0,100,,1347,190,,,0,103,,1348,190,,,0,104,,1349,190,,,0,195,,1350,190,,,0,203,,1351,190,,,0
1401,'Semaine-01',611,,577,190,,,0,47,,584,190,,,0,78,,1361,190,,,0,66,,585,190,,,0,106,,586,190,,,0,100,,587,190,,,0,99,,588,190,,,0,99,,589,190,,,0,100,,590,190,,,0,100,,591,190,,,0,101,,578,190,,,0,100,,579,190,,,0,30,,1360,190,,,0,73,,580,190,,,0,104,,581,190,,,0,195,,582,190,,,0,203,,583,190,,,0
1401,'Week-end-01',612,,592,190,,,0,207,,593,190,,,0,200,,594,190,,,0,198,,595,190,,,0,200,,596,190,,,0,196,,597,190,,,0,200,,598,190,,,0,206,,599,190,,,0,200,,600,190,,,0
10001,'Fête-2-01',451,,1423,290,,,0,150,,1426,290,,,0,37,,1424,290,,,0,71,,1425,290,,,0
10001,'Semaine-01',451,,732,290,,,0,150,,735,290,,,0,37,,733,290,,,0,71,,734,290,,,0
40001,'Fête-2-01',1643,,1590,20,,,0,65,,1562,20,,,0,109,,1563,20,,,0
40001,'Semaine-01',1643,,1039,20,,,0,65,,1011,20,,,0,109,,1012,20,,,0
