200,'Fête-2-01',1032,,1117,160,0,8,0,174,,1111,160,,,0,310,,1118,160,0,8,0,132,,1112,160,,,0,176,,1113,160,,,0
200,'Semaine-01',1032,,119,160,0,8,0,174,,113,160,,,0,310,,120,160,0,8,0,132,,114,160,,,0,176,,115,160,,,0
1100,'Fête-1-01',956,,1249,560,,,0,200,,1250,560,,,0,200,,1251,560,,,0,200,,1252,560,,,0,200,,1253,560,,,0,200,,1254,560,,,0,200,,1255,560,,,0,198,,1256,560,,,0
1100,'Fête-2-01',645,,1275,560,,,0,102,,1258,560,,,0,104,,1266,560,,,0,78,,1267,560,,,0,97,,1268,560,,,0,112,,1269,560,,,0,100,,1270,560,,,0,88,,1271,560,,,0,100,,1272,560,,,0,100,,1273,560,,,0,100,,1259,560,,,0,114,,1260,560,,,0,95,,1274,560,,,0,97,,1257,560,,,0,100,,1261,560,,,0,92,,1262,560,,,0,100,,1263,560,,,0,100,,1264,560,,,0,98,,1265,560,,,0
1100,'Semaine-01',645,,430,560,,,0,102,,411,560,,,0,104,,420,560,,,0,78,,421,560,,,0,97,,422,560,,,0,112,,423,560,,,0,100,,424,560,,,0,88,,425,560,,,0,100,,426,560,,,0,100,,427,560,,,0,100,,412,560,,,0,75,,1276,560,,,0,39,,413,560,,,0,65,,1278,560,,,0,30,,428,560,,,0,18,,1279,560,,,0,79,,408,560,,,0,100,,415,560,,,0,92,,416,560,,,0,100,,417,560,,,0,100,,418,560,,,0,98,,419,560,,,0
1100,'Week-end-01',956,,431,560,,,0,200,,432,560,,,0,200,,433,560,,,0,200,,434,560,,,0,200,,435,560,,,0,200,,436,560,,,0,200,,437,560,,,0,198,,438,560,,,0
1400,'Fête-1-01',743,,1309,580,,,0,207,,1310,580,,,0,200,,1311,580,,,0,200,,1312,580,,,0,200,,1313,580,,,0,200,,1314,580,,,0,200,,1315,580,,,0,200,,1316,580,,,0,198,,1317,580,,,0,187,,1318,490,,,0
1400,'Fête-2-01',702,,1335,580,,,0,33,,1319,580,,,0,94,,1326,580,,,0,104,,1327,580,,,0,103,,1328,580,,,0,111,,1329,580,,,0,100,,1330,580,,,0,101,,1331,580,,,0,100,,1332,580,,,0,103,,1333,580,,,0,101,,1320,580,,,0,106,,1321,580,,,0,86,,1322,580,,,0,102,,1323,580,,,0,193,,1324,580,,,0,196,,1325,580,,,0,194,,1334,580,,,0
1400,'Semaine-01',702,,539,580,,,0,33,,523,580,,,0,94,,530,580,,,0,104,,531,580,,,0,103,,532,580,,,0,111,,533,580,,,0,100,,534,580,,,0,101,,535,580,,,0,100,,536,580,,,0,103,,537,580,,,0,101,,524,580,,,0,106,,525,580,,,0,86,,526,580,,,0,102,,527,580,,,0,193,,528,580,,,0,196,,529,580,,,0,194,,538,580,,,0
1400,'Week-end-01',743,,540,580,,,0,207,,541,580,,,0,200,,542,580,,,0,200,,543,580,,,0,200,,544,580,,,0,200,,545,580,,,0,200,,546,580,,,0,200,,547,580,,,0,198,,548,580,,,0,187,,549,490,,,0
10000,'Fête-2-01',1703,,1418,630,,,0,30,,1419,630,,,0,25,,1422,630,,,0,85,,1420,630,,,0
10000,'Semaine-01',1703,,719,630,,,0,30,,720,630,,,0,25,,724,630,,,0,85,,722,630,,,0
