1100,'Fête-1-01',934,,1249,240,,,0,200,,1250,240,,,0,200,,1251,240,,,0,200,,1252,240,,,0,200,,1253,240,,,0,200,,1254,240,,,0,200,,1255,240,,,0,198,,1256,240,,,0
1100,'Fête-2-01',623,,1275,240,,,0,101,,1258,240,,,0,103,,1266,240,,,0,77,,1267,240,,,0,100,,1268,240,,,0,112,,1269,240,,,0,100,,1270,240,,,0,88,,1271,240,,,0,100,,1272,240,,,0,100,,1273,240,,,0,100,,1259,240,,,0,112,,1260,240,,,0,95,,1274,240,,,0,99,,1257,240,,,0,100,,1261,240,,,0,93,,1262,240,,,0,100,,1263,240,,,0,100,,1264,240,,,0,98,,1265,240,,,0
1100,'Semaine-01',623,,430,240,,,0,101,,411,240,,,0,100,,1277,100,,,0,3,,420,240,,,0,77,,421,240,,,0,100,,422,240,,,0,112,,423,240,,,0,100,,424,240,,,0,88,,425,240,,,0,100,,426,240,,,0,100,,427,240,,,0,100,,412,240,,,0,32,,1276,240,,,0,80,,413,240,,,0,25,,1278,240,,,0,70,,428,240,,,0,19,,1279,240,,,0,80,,408,240,,,0,100,,415,240,,,0,93,,416,240,,,0,100,,417,240,,,0,100,,418,240,,,0,98,,419,240,,,0
1100,'Week-end-01',934,,431,240,,,0,200,,432,240,,,0,200,,433,240,,,0,200,,434,240,,,0,200,,435,240,,,0,200,,436,240,,,0,200,,437,240,,,0,198,,438,240,,,0
1400,'Fête-1-01',728,,1309,370,,,0,207,,1310,370,,,0,200,,1311,370,,,0,200,,1312,370,,,0,200,,1313,370,,,0,200,,1314,370,,,0,200,,1315,370,,,0,200,,1316,370,,,0,198,,1317,370,,,0,189,,1318,280,,,0
1400,'Fête-2-01',647,,1335,370,,,0,73,,1319,370,,,0,94,,1326,370,,,0,104,,1327,370,,,0,103,,1328,370,,,0,111,,1329,370,,,0,100,,1330,370,,,0,101,,1331,370,,,0,100,,1332,370,,,0,102,,1333,370,,,0,101,,1320,370,,,0,107,,1321,370,,,0,88,,1322,370,,,0,102,,1323,370,,,0,193,,1324,370,,,0,197,,1325,370,,,0,194,,1334,370,,,0
1400,'Semaine-01',647,,539,370,,,0,73,,523,370,,,0,94,,530,370,,,0,104,,531,370,,,0,103,,532,370,,,0,111,,533,370,,,0,100,,534,370,,,0,101,,535,370,,,0,100,,536,370,,,0,102,,537,370,,,0,101,,524,370,,,0,107,,525,370,,,0,88,,526,370,,,0,102,,527,370,,,0,193,,528,370,,,0,197,,529,370,,,0,194,,538,370,,,0
1400,'Week-end-01',728,,540,370,,,0,207,,541,370,,,0,200,,542,370,,,0,200,,543,370,,,0,200,,544,370,,,0,200,,545,370,,,0,200,,546,370,,,0,200,,547,370,,,0,198,,548,370,,,0,189,,549,280,,,0
10000,'Fête-2-01',1646,,1418,420,,,0,70,,1419,420,,,0,24,,1422,420,,,0,85,,1420,420,,,0,84,,1421,420,,,0
10000,'Semaine-01',1646,,719,420,,,0,70,,720,420,,,0,24,,724,420,,,0,85,,722,420,,,0,84,,723,420,,,0
