801,'Fête-1-01',830,,1166,160,,,0,200,,1167,160,,,0,196,,1168,160,,,0,200,,1169,160,,,0,200,,1170,160,,,0,200,,1171,160,,,0,202,,1172,160,,,0,200,,1173,160,,,0
801,'Fête-2-01',618,,1187,40,,,0,188,,1180,160,,,0,112,,1181,160,,,0,100,,1182,160,,,0,103,,1183,160,,,0,103,,1184,160,,,0,104,,1185,160,,,0,101,,1186,160,,,0,95,,1174,160,,,0,104,,1175,160,,,0,97,,1176,160,,,0,102,,1177,160,,,0,195,,1178,160,,,0,201,,1179,160,,,0
801,'Semaine-01',618,,252,40,,,0,188,,245,160,,,0,112,,246,160,,,0,100,,247,160,,,0,103,,248,160,,,0,103,,249,160,,,0,104,,250,160,,,0,101,,251,160,,,0,95,,238,160,,,0,104,,239,160,,,0,29,,1188,170,,,0,68,,241,160,,,0,102,,242,160,,,0,195,,243,160,,,0,201,,244,160,,,0
801,'Week-end-01',830,,253,160,,,0,200,,254,160,,,0,196,,255,160,,,0,200,,256,160,,,0,200,,257,160,,,0,200,,258,160,,,0,202,,259,160,,,0,200,,260,160,,,0
30001,'Fête-2-01',437,,1465,40,,,0,65,,1459,40,,,0,35,,1460,40,,,0,69,,1463,40,,,0,20,,1461,40,,,0,75,,1464,40,,,0,30,,1462,40,,,0
30001,'Semaine-01',437,,807,40,,,0,65,,801,40,,,0,35,,802,40,,,0,69,,805,40,,,0,20,,803,40,,,0,75,,806,40,,,0,30,,804,40,,,0
40001,'Fête-1-01',631,,1526,40,,,0,106,,1527,40,,,0,99,,1528,40,,,0,100,,1529,40,,,0,99,,1530,40,,,0,100,,1531,40,,,0,100,,1532,40,,,0,96,,1533,40,,,0,99,,1534,40,,,0,103,,1535,40,,,0,100,,1536,40,,,0,100,,1537,40,,,0,100,,1538,40,,,0,101,,1539,40,,,0,100,,1540,40,,,0,100,,1541,40,,,0,102,,1542,40,,,0,101,,1543,40,,,0,100,,1544,40,,,0
40001,'Fête-2-01',422,,1587,40,,,0,23,,1588,40,,,0,70,,1581,40,,,0,30,,1583,40,,,0,10,,1584,40,,,0,60,,1564,40,,,0,20,,1585,40,,,0,15,,1586,40,,,0,70,,1576,40,,,0,30,,1577,40,,,0,50,,1582,40,,,0,30,,1578,40,,,0,101,,1579,40,,,0,77,,1551,40,,,0,23,,1580,40,,,0,100,,1565,40,,,0,78,,1545,40,,,0,22,,1566,40,,,0,105,,1567,40,,,0,99,,1568,40,,,0,20,,1553,40,,,0,80,,1569,40,,,0,101,,1589,40,,,0,66,,1590,160,,,0,28,,1562,160,,,0,72,,1552,40,,,0,25,,1563,160,,,0,32,,1549,40,,,0,71,,1570,40,,,0,101,,1571,40,,,0,102,,1572,40,,,0,96,,1573,40,,,0,100,,1574,40,,,0,104,,1575,40,,,0
40001,'Semaine-01',422,,1036,40,,,0,23,,1037,40,,,0,70,,1030,40,,,0,30,,1032,40,,,0,10,,1033,40,,,0,60,,1013,40,,,0,20,,1034,40,,,0,15,,1035,40,,,0,70,,1025,40,,,0,30,,1026,40,,,0,50,,1031,40,,,0,30,,1027,40,,,0,101,,1028,40,,,0,77,,999,40,,,0,23,,1029,40,,,0,100,,1014,40,,,0,78,,993,40,,,0,22,,1015,40,,,0,105,,1016,40,,,0,99,,1017,40,,,0,20,,1001,40,,,0,80,,1018,40,,,0,101,,1038,40,,,0,66,,1039,160,,,0,28,,1011,160,,,0,72,,1000,40,,,0,25,,1012,160,,,0,32,,997,40,,,0,71,,1019,40,,,0,101,,1020,40,,,0,102,,1021,40,,,0,96,,1022,40,,,0,100,,1023,40,,,0,104,,1024,40,,,0
40001,'Week-end-01',631,,1040,40,,,0,106,,1041,40,,,0,99,,1042,40,,,0,100,,1043,40,,,0,99,,1044,40,,,0,100,,1045,40,,,0,100,,1046,40,,,0,96,,1047,40,,,0,99,,1048,40,,,0,103,,1049,40,,,0,100,,1050,40,,,0,100,,1051,40,,,0,100,,1052,40,,,0,101,,1053,40,,,0,100,,1054,40,,,0,100,,1055,40,,,0,102,,1056,40,,,0,101,,1057,40,,,0,100,,1058,40,,,0
