100,'Semaine-01',710,,37,230,,,0,100,,38,230,,,0,20,,39,230,,,0,77,,29,230,,,0,100,,30,230,,,0,100,,31,230,,,0,121,,32,230,,,0,100,,33,230,,,0,100,,34,230,,,0,93,,40,230,,,0,100,,35,230,,,0,95,,36,230,,,0,106,,41,230,,,0,101,,42,230,,,0,195,,43,230,,,0,198,,44,230,,,0
100,'Week-end-01',921,,45,230,,,0,200,,46,230,,,0,200,,47,230,,,0,200,,48,230,,,0,200,,49,230,,,0,200,,50,230,,,0,200,,51,230,,,0,198,,52,230,,,0
101,'Semaine-01',629,,93,360,,,0,91,,94,360,,,0,97,,88,360,,,0,102,,80,360,,,0,98,,81,360,,,0,100,,82,360,,,0,105,,83,360,,,0,102,,84,360,,,0,100,,85,360,,,0,101,,79,360,,,0,99,,89,360,,,0,80,,78,360,,,0,30,,91,360,,,0,100,,92,360,,,0,196,,86,360,,,0,196,,87,360,,,0
101,'Week-end-01',831,,95,300,,,0,200,,96,300,,,0,197,,97,300,,,0,200,,98,300,,,0,200,,99,300,,,0,200,,100,300,,,0,202,,101,300,,,0,200,,102,300,,,0
500,'Semaine-01',1752,,142,120,,,0,152,,143,120,,,0,100,,144,120,,,0
900,'Semaine-01',527,,292,530,,,0,105,,303,530,,,0,74,,300,530,,,0,39,,304,530,,,0,95,,305,530,,,0,101,,293,530,,,0,100,,294,530,,,0,100,,306,530,,,0,110,,295,530,,,0,105,,307,530,,,0,96,,296,530,,,0,100,,291,530,,,0,156,,302,530,,,0,43,,301,530,,,0,101,,308,530,,,0,100,,297,530,,,0,98,,298,530,,,0,99,,309,530,,,0,100,,310,530,,,0,100,,299,530,,,0
900,'Week-end-01',637,,311,520,,,0,118,,313,520,,,0,200,,314,520,,,0,200,,315,520,,,0,200,,316,520,,,0,200,,317,520,,,0,200,,318,520,,,0,200,,319,520,,,0,200,,320,520,,,0,198,,312,520,,,0
1101,'Semaine-01',529,,485,380,,,0,72,,487,380,,,0,45,,467,380,,,0,66,,484,380,,,0,46,,468,520,,,0,173,,476,520,,,0,100,,477,520,,,0,99,,478,520,,,0,100,,479,520,,,0,100,,480,520,,,0,100,,481,520,,,0,102,,482,520,,,0,100,,483,520,,,0,81,,486,520,,,0,34,,469,520,,,0,100,,470,520,,,0,83,,471,520,,,0,98,,472,520,,,0,101,,473,520,,,0,100,,474,520,,,0,100,,475,520,,,0
1101,'Week-end-01',837,,488,520,,,0,198,,489,520,,,0,200,,490,520,,,0,200,,491,520,,,0,200,,492,520,,,0,200,,493,520,,,0,200,,494,520,,,0,200,,495,520,,,0
1400,'Semaine-01',639,,539,260,,,0,73,,523,260,,,0,92,,530,260,,,0,105,,531,260,,,0,103,,532,260,,,0,111,,533,260,,,0,100,,534,260,,,0,100,,535,260,,,0,100,,536,260,,,0,101,,537,260,,,0,100,,524,260,,,0,109,,525,260,,,0,89,,526,260,,,0,102,,527,260,,,0,194,,528,260,,,0,198,,529,260,,,0,194,,538,260,,,0
1400,'Week-end-01',724,,540,260,,,0,200,,541,260,,,0,200,,542,260,,,0,200,,543,260,,,0,200,,544,260,,,0,200,,545,260,,,0,200,,546,260,,,0,200,,547,260,,,0,198,,548,260,,,0
1401,'Semaine-01',627,,577,430,,,0,88,,584,430,,,0,38,,576,430,,,0,67,,585,430,,,0,105,,586,430,,,0,100,,587,430,,,0,100,,588,430,,,0,99,,589,430,,,0,100,,590,430,,,0,100,,591,430,,,0,101,,578,430,,,0,100,,579,430,,,0,103,,580,430,,,0,102,,581,430,,,0,195,,582,430,,,0,203,,583,430,,,0
1401,'Week-end-01',636,,592,430,,,0,200,,593,430,,,0,200,,594,430,,,0,198,,595,430,,,0,200,,596,430,,,0,197,,597,430,,,0,200,,598,430,,,0,205,,599,430,,,0,200,,600,430,,,0
