100,'Fête-2-01',741,,1075,600,,,0,101,,1076,600,,,0,104,,1067,640,,,0,100,,1068,640,,,0,100,,1069,640,,,0,161,,1070,640,,,0,101,,1071,640,,,0,100,,1072,640,,,0,93,,1077,640,,,0,100,,1073,640,,,0,54,,1074,640,,,0,146,,1078,640,,,0,101,,1079,640,,,0,155,,1080,640,,,0,197,,1081,640,,,0
100,'Semaine-01',741,,1083,360,,,0,101,,38,600,,,0,60,,1082,360,,,0,44,,29,640,,,0,100,,30,640,,,0,100,,31,640,,,0,161,,32,640,,,0,101,,33,640,,,0,100,,34,640,,,0,93,,40,640,,,0,100,,35,640,,,0,54,,36,640,,,0,146,,41,640,,,0,101,,42,640,,,0,155,,43,640,,,0,197,,44,640,,,0
200,'Fête-2-01',1030,,1117,120,0,8,0,174,,1111,120,,,0,310,,1118,120,0,8,0,131,,1112,120,,,0,177,,1113,120,,,0
200,'Semaine-01',1030,,119,120,0,8,0,174,,113,120,,,0,310,,120,120,0,8,0,131,,114,120,,,0,177,,115,120,,,0
600,'Fête-2-01',540,,1136,290,,,0,109,,1134,290,,,0,207,,1135,290,,,0
600,'Semaine-01',540,,156,290,,,0,109,,154,290,,,0,207,,155,290,,,0
800,'Fête-1-01',946,,1141,540,,,0,201,,1142,540,,,0,200,,1143,540,,,0,200,,1144,540,,,0,201,,1145,540,,,0,197,,1146,540,,,0,199,,1147,540,,,0,198,,1148,540,,,0
800,'Fête-2-01',710,,1149,540,,,0,111,,1150,540,,,0,114,,1159,540,,,0,99,,1160,540,,,0,100,,1151,540,,,0,105,,1152,540,,,0,98,,1161,540,,,0,105,,1162,540,,,0,106,,1163,540,,,0,103,,1153,540,,,0,90,,1154,540,,,0,111,,1155,540,,,0,92,,1156,540,,,0,195,,1157,540,,,0,197,,1158,540,,,0
800,'Semaine-01',710,,191,540,,,0,33,,1164,370,,,0,78,,192,540,,,0,79,,1165,540,,,0,35,,201,540,,,0,99,,202,540,,,0,100,,193,540,,,0,105,,194,540,,,0,98,,203,540,,,0,105,,204,540,,,0,106,,205,540,,,0,103,,195,540,,,0,90,,196,540,,,0,111,,197,540,,,0,92,,198,540,,,0,195,,199,540,,,0,197,,200,540,,,0
800,'Week-end-01',946,,207,540,,,0,201,,208,540,,,0,200,,209,540,,,0,200,,210,540,,,0,201,,211,540,,,0,197,,212,540,,,0,199,,213,540,,,0,198,,214,540,,,0
1100,'Fête-1-01',953,,1249,520,,,0,200,,1250,520,,,0,200,,1251,520,,,0,200,,1252,520,,,0,200,,1253,520,,,0,200,,1254,520,,,0,200,,1255,520,,,0,198,,1256,520,,,0
1100,'Fête-2-01',642,,1275,520,,,0,102,,1258,520,,,0,103,,1266,520,,,0,78,,1267,520,,,0,98,,1268,520,,,0,112,,1269,520,,,0,100,,1270,520,,,0,88,,1271,520,,,0,100,,1272,520,,,0,100,,1273,520,,,0,100,,1259,520,,,0,113,,1260,520,,,0,95,,1274,520,,,0,98,,1257,520,,,0,100,,1261,520,,,0,92,,1262,520,,,0,100,,1263,520,,,0,100,,1264,520,,,0,98,,1265,520,,,0
1100,'Semaine-01',642,,430,520,,,0,102,,411,520,,,0,100,,1277,380,,,0,3,,420,520,,,0,78,,421,520,,,0,98,,422,520,,,0,112,,423,520,,,0,100,,424,520,,,0,88,,425,520,,,0,100,,426,520,,,0,100,,427,520,,,0,100,,412,520,,,0,34,,1276,520,,,0,79,,413,520,,,0,65,,1278,520,,,0,30,,428,520,,,0,19,,1279,520,,,0,79,,408,520,,,0,100,,415,520,,,0,92,,416,520,,,0,100,,417,520,,,0,100,,418,520,,,0,98,,419,520,,,0
1100,'Week-end-01',953,,431,520,,,0,200,,432,520,,,0,200,,433,520,,,0,200,,434,520,,,0,200,,435,520,,,0,200,,436,520,,,0,200,,437,520,,,0,198,,438,520,,,0
1400,'Fête-1-01',742,,1309,540,,,0,207,,1310,540,,,0,200,,1311,540,,,0,200,,1312,540,,,0,200,,1313,540,,,0,200,,1314,540,,,0,200,,1315,540,,,0,200,,1316,540,,,0,198,,1317,540,,,0,187,,1318,450,,,0
1400,'Fête-2-01',659,,1335,540,,,0,73,,1319,540,,,0,94,,1326,540,,,0,104,,1327,540,,,0,103,,1328,540,,,0,111,,1329,540,,,0,100,,1330,540,,,0,101,,1331,540,,,0,100,,1332,540,,,0,103,,1333,540,,,0,101,,1320,540,,,0,107,,1321,540,,,0,87,,1322,540,,,0,102,,1323,540,,,0,193,,1324,540,,,0,196,,1325,540,,,0,194,,1334,540,,,0
1400,'Semaine-01',659,,539,540,,,0,73,,523,540,,,0,94,,530,540,,,0,104,,531,540,,,0,103,,532,540,,,0,111,,533,540,,,0,100,,534,540,,,0,101,,535,540,,,0,100,,536,540,,,0,103,,537,540,,,0,101,,524,540,,,0,107,,525,540,,,0,87,,526,540,,,0,102,,527,540,,,0,193,,528,540,,,0,196,,529,540,,,0,194,,538,540,,,0
1400,'Week-end-01',742,,540,540,,,0,207,,541,540,,,0,200,,542,540,,,0,200,,543,540,,,0,200,,544,540,,,0,200,,545,540,,,0,200,,546,540,,,0,200,,547,540,,,0,198,,548,540,,,0,187,,549,450,,,0
10000,'Fête-2-01',1700,,1418,590,,,0,30,,1419,590,,,0,25,,1422,590,,,0,85,,1420,590,,,0,84,,1421,590,,,0
10000,'Semaine-01',1700,,719,590,,,0,30,,720,590,,,0,25,,724,590,,,0,85,,722,590,,,0,84,,723,590,,,0
40000,'Semaine-01',729,,883,590,,,0,116,,907,590,,,0,64,,908,590,,,0
