101,'Fête-1-01',835,,1085,320,,,0,200,,1086,320,,,0,197,,1087,320,,,0,200,,1088,320,,,0,200,,1089,320,,,0,200,,1090,320,,,0,202,,1091,320,,,0,200,,1092,320,,,0
101,'Fête-2-01',634,,1106,380,,,0,91,,1107,380,,,0,97,,1102,380,,,0,102,,1094,380,,,0,98,,1095,380,,,0,100,,1096,380,,,0,105,,1097,380,,,0,102,,1098,380,,,0,100,,1099,380,,,0,101,,1093,380,,,0,99,,1103,380,,,0,110,,1104,380,,,0,100,,1105,380,,,0,196,,1100,380,,,0,196,,1101,380,,,0
101,'Semaine-01',634,,93,380,,,0,91,,94,380,,,0,97,,88,380,,,0,102,,80,380,,,0,98,,81,380,,,0,100,,82,380,,,0,105,,83,380,,,0,102,,84,380,,,0,100,,85,380,,,0,101,,79,380,,,0,99,,89,380,,,0,85,,1108,380,4,,0,25,,91,380,,,0,100,,92,380,,,0,196,,86,380,,,0,196,,87,380,,,0
101,'Week-end-01',835,,95,320,,,0,200,,96,320,,,0,197,,97,320,,,0,200,,98,320,,,0,200,,99,320,,,0,200,,100,320,,,0,202,,101,320,,,0,200,,102,320,,,0
900,'Fête-1-01',636,,1189,550,4,,0,123,,1191,550,4,,0,200,,1192,550,4,,0,200,,1193,550,4,,0,200,,1194,550,4,,0,200,,1195,550,4,,0,200,,1196,550,4,,0,200,,1197,550,4,,0,200,,1198,550,4,,0,198,,1190,550,4,,0
900,'Fête-2-01',531,,1200,560,4,,0,105,,1211,560,4,,0,74,,1208,560,4,,0,39,,1212,560,4,,0,95,,1213,560,4,,0,101,,1201,560,4,,0,100,,1202,560,4,,0,100,,1214,560,4,,0,110,,1203,560,4,,0,145,,1215,560,4,,0,56,,1204,560,4,,0,100,,1199,560,4,,0,156,,1210,560,4,,0,43,,1209,560,4,,0,101,,1216,560,4,,0,100,,1205,560,4,,0,98,,1206,560,4,,0,99,,1217,560,4,,0,100,,1218,560,4,,0,100,,1207,560,4,,0
900,'Semaine-01',531,,292,560,4,,0,105,,303,560,4,,0,74,,300,560,4,,0,39,,304,560,4,,0,95,,305,560,4,,0,101,,293,560,4,,0,100,,294,560,4,,0,100,,306,560,4,,0,110,,295,560,4,,0,145,,307,560,4,,0,56,,296,560,4,,0,100,,291,560,4,,0,156,,302,560,4,,0,43,,301,560,4,,0,101,,308,560,4,,0,100,,297,560,4,,0,98,,298,560,4,,0,99,,309,560,4,,0,100,,310,560,4,,0,100,,299,560,4,,0
900,'Week-end-01',636,,311,550,4,,0,123,,313,550,4,,0,200,,314,550,4,,0,200,,315,550,4,,0,200,,316,550,4,,0,200,,317,550,4,,0,200,,318,550,4,,0,200,,319,550,4,,0,200,,320,550,4,,0,198,,312,550,4,,0
901,'Fête-1-01',807,,1219,10,,,0,200,,1220,10,,,0,197,,1221,10,,,0,200,,1222,10,,,0,200,,1223,10,,,0,200,,1224,10,,,0,202,,1225,10,,,0,200,,1226,10,,,0,198,,1227,10,,,0
901,'Fête-2-01',526,,1229,10,,,0,74,,1228,10,,,0,102,,1230,10,,,0,53,,1241,10,,,0,102,,1232,10,,,0,100,,1233,10,,,0,100,,1242,10,,,0,100,,1234,10,,,0,146,,1243,10,,,0,100,,1235,10,,,0,100,,1236,10,,,0,102,,1231,10,,,0,109,,1244,10,,,0,21,,1245,10,,,0,70,,1246,10,,,0,96,,1237,10,,,0,100,,1238,10,,,0,100,,1247,10,,,0,100,,1248,10,,,0,100,,1239,10,,,0,99,,1240,10,,,0
901,'Semaine-01',526,,352,10,,,0,74,,351,10,,,0,102,,353,10,,,0,53,,364,10,,,0,102,,355,10,,,0,100,,356,10,,,0,100,,365,10,,,0,100,,357,10,,,0,146,,366,10,,,0,100,,358,10,,,0,100,,359,10,,,0,102,,354,10,,,0,109,,367,10,,,0,21,,368,10,,,0,70,,369,10,,,0,96,,360,10,,,0,100,,361,10,,,0,100,,370,10,,,0,100,,371,10,,,0,100,,362,10,,,0,99,,363,10,,,0
901,'Week-end-01',807,,372,10,,,0,200,,373,10,,,0,197,,374,10,,,0,200,,375,10,,,0,200,,376,10,,,0,200,,377,10,,,0,202,,378,10,,,0,200,,379,10,,,0,198,,380,10,,,0
1100,'Fête-1-01',920,,1249,10,,,0,200,,1250,10,,,0,200,,1251,10,,,0,200,,1252,10,,,0,200,,1253,10,,,0,200,,1254,10,,,0,200,,1255,10,,,0,198,,1256,10,,,0
1100,'Fête-2-01',609,,1275,10,,,0,101,,1258,10,,,0,103,,1266,10,,,0,37,,1267,10,,,0,100,,1268,10,,,0,152,,1269,10,,,0,100,,1270,10,,,0,48,,1271,10,,,0,100,,1272,10,,,0,100,,1273,10,,,0,100,,1259,10,,,0,150,,1260,10,,,0,55,,1274,10,,,0,101,,1257,10,,,0,100,,1261,10,,,0,94,,1262,10,,,0,100,,1263,10,,,0,100,,1264,10,,,0,98,,1265,10,,,0
1100,'Semaine-01',609,,430,10,,,0,101,,411,10,,,0,103,,420,10,,,0,37,,421,10,,,0,100,,422,10,,,0,152,,423,10,,,0,100,,424,10,,,0,48,,425,10,,,0,100,,426,10,,,0,100,,427,10,,,0,100,,412,10,,,0,70,,1276,10,,,0,80,,413,10,,,0,25,,1278,10,,,0,30,,428,10,,,0,61,,1279,10,,,0,40,,408,10,,,0,100,,415,10,,,0,94,,416,10,,,0,100,,417,10,,,0,100,,418,10,,,0,98,,419,10,,,0
1100,'Week-end-01',920,,431,10,,,0,200,,432,10,,,0,200,,433,10,,,0,200,,434,10,,,0,200,,435,10,,,0,200,,436,10,,,0,200,,437,10,,,0,198,,438,10,,,0
1101,'Fête-1-01',840,,1280,550,4,,0,198,,1281,550,4,,0,200,,1282,550,4,,0,200,,1283,550,4,,0,200,,1284,550,4,,0,200,,1285,550,4,,0,200,,1286,550,4,,0,200,,1287,550,4,,0
1101,'Fête-2-01',533,,1306,410,4,,0,72,,1307,410,4,,0,45,,1288,410,4,,0,65,,1305,410,4,,0,87,,1289,550,4,,0,133,,1297,550,4,,0,100,,1298,550,4,,0,99,,1299,550,4,,0,100,,1300,550,4,,0,100,,1301,550,4,,0,100,,1302,550,4,,0,102,,1303,550,4,,0,100,,1304,550,4,,0,111,,1290,550,4,,0,104,,1291,550,4,,0,83,,1292,550,4,,0,98,,1293,550,4,,0,101,,1294,550,4,,0,100,,1295,550,4,,0,100,,1296,550,4,,0
1101,'Semaine-01',533,,485,410,4,,0,72,,487,410,4,,0,45,,467,410,4,,0,65,,484,410,4,,0,87,,468,550,4,,0,133,,476,550,4,,0,100,,477,550,4,,0,99,,478,550,4,,0,100,,479,550,4,,0,100,,480,550,4,,0,100,,481,550,4,,0,102,,482,550,4,,0,100,,483,550,4,,0,81,,1308,550,4,,0,30,,469,550,4,,0,104,,470,550,4,,0,83,,471,550,4,,0,98,,472,550,4,,0,101,,473,550,4,,0,100,,474,550,4,,0,100,,475,550,4,,0
1101,'Week-end-01',840,,488,550,4,,0,198,,489,550,4,,0,200,,490,550,4,,0,200,,491,550,4,,0,200,,492,550,4,,0,200,,493,550,4,,0,200,,494,550,4,,0,200,,495,550,4,,0
1501,'Fête-1-01',844,,1390,280,,,1,100,,1391,280,,,1,100,,1392,280,,,1,100,,1393,280,,,1,100,,1394,280,,,1,100,,1395,280,,,1,98,,1396,280,,,1,100,,1397,280,,,1,100,,1398,280,,,1,100,,1399,280,,,1,100,,1400,280,,,1,202,,1401,280,,,1,200,,1402,280,,,1
1501,'Fête-2-01',642,,1403,280,,,1,95,,1410,280,,,1,98,,1411,280,,,1,98,,1412,280,,,1,100,,1413,280,,,1,105,,1414,280,,,1,101,,1415,280,,,1,100,,1416,280,,,1,100,,1417,280,,,1,99,,1404,280,,,1,101,,1405,280,,,1,105,,1406,280,,,1,91,,1407,280,,,1,205,,1408,280,,,1,198,,1409,280,,,1
1501,'Semaine-01',642,,685,280,,,1,95,,692,280,,,1,98,,693,280,,,1,98,,694,280,,,1,100,,695,280,,,1,105,,696,280,,,1,101,,697,280,,,1,100,,698,280,,,1,100,,699,280,,,1,99,,686,280,,,1,101,,687,280,,,1,105,,688,280,,,1,91,,689,280,,,1,205,,690,280,,,1,198,,691,280,,,1
1501,'Week-end-01',844,,700,280,,,1,100,,701,280,,,1,100,,702,280,,,1,100,,703,280,,,1,100,,704,280,,,1,100,,705,280,,,1,98,,706,280,,,1,100,,707,280,,,1,100,,708,280,,,1,100,,709,280,,,1,100,,710,280,,,1,202,,711,280,,,1,200,,712,280,,,1
