1500,'Fête-1-01',922,,1362,260,,,1,100,,1363,260,,,1,100,,1364,260,,,1,100,,1365,260,,,1,102,,1366,260,,,1,100,,1367,260,,,1,100,,1368,260,,,1,100,,1369,260,,,1,100,,1370,260,,,1,99,,1371,260,,,1,100,,1372,260,,,1,198,,1373,260,,,1,200,,1374,260,,,1
1500,'Fête-2-01',721,,1375,260,,,1,91,,1382,260,,,1,99,,1383,260,,,1,100,,1384,260,,,1,100,,1385,260,,,1,108,,1386,260,,,1,96,,1387,260,,,1,100,,1388,260,,,1,100,,1389,260,,,1,107,,1376,260,,,1,104,,1377,260,,,1,97,,1378,260,,,1,102,,1379,260,,,1,193,,1380,260,,,1,201,,1381,260,,,1
1500,'Semaine-01',721,,629,260,,,1,91,,636,260,,,1,99,,637,260,,,1,100,,638,260,,,1,100,,639,260,,,1,108,,640,260,,,1,96,,641,260,,,1,100,,642,260,,,1,100,,643,260,,,1,107,,630,260,,,1,104,,631,260,,,1,97,,632,260,,,1,102,,633,260,,,1,193,,634,260,,,1,201,,635,260,,,1
1500,'Week-end-01',922,,644,260,,,1,100,,645,260,,,1,100,,646,260,,,1,100,,647,260,,,1,102,,648,260,,,1,100,,649,260,,,1,100,,650,260,,,1,100,,651,260,,,1,100,,652,260,,,1,99,,653,260,,,1,100,,654,260,,,1,198,,655,260,,,1,200,,656,260,,,1
1501,'Fête-1-01',846,,1390,300,,,1,100,,1391,300,,,1,100,,1392,300,,,1,100,,1393,300,,,1,100,,1394,300,,,1,100,,1395,300,,,1,98,,1396,300,,,1,100,,1397,300,,,1,100,,1398,300,,,1,100,,1399,300,,,1,100,,1400,300,,,1,202,,1401,300,,,1,200,,1402,300,,,1
1501,'Fête-2-01',644,,1403,300,,,1,95,,1410,300,,,1,99,,1411,300,,,1,98,,1412,300,,,1,100,,1413,300,,,1,105,,1414,300,,,1,101,,1415,300,,,1,100,,1416,300,,,1,100,,1417,300,,,1,99,,1404,300,,,1,101,,1405,300,,,1,104,,1406,300,,,1,91,,1407,300,,,1,205,,1408,300,,,1,198,,1409,300,,,1
1501,'Semaine-01',644,,685,300,,,1,95,,692,300,,,1,99,,693,300,,,1,98,,694,300,,,1,100,,695,300,,,1,105,,696,300,,,1,101,,697,300,,,1,100,,698,300,,,1,100,,699,300,,,1,99,,686,300,,,1,101,,687,300,,,1,104,,688,300,,,1,91,,689,300,,,1,205,,690,300,,,1,198,,691,300,,,1
1501,'Week-end-01',846,,700,300,,,1,100,,701,300,,,1,100,,702,300,,,1,100,,703,300,,,1,100,,704,300,,,1,100,,705,300,,,1,98,,706,300,,,1,100,,707,300,,,1,100,,708,300,,,1,100,,709,300,,,1,100,,710,300,,,1,202,,711,300,,,1,200,,712,300,,,1
30001,'Fête-2-01',454,,1465,210,,,0,65,,1459,210,,,0,35,,1460,210,,,0,70,,1463,210,,,0,20,,1461,210,,,0,75,,1464,210,,,0,30,,1462,210,,,0
30001,'Semaine-01',454,,807,210,,,0,65,,801,210,,,0,35,,802,210,,,0,70,,805,210,,,0,20,,803,210,,,0,75,,806,210,,,0,30,,804,210,,,0
