500,'Fête-2-01',1752,,1128,100,,,0,152,,1129,100,,,0,99,,1130,100,,,0
500,'Semaine-01',1752,,142,100,,,0,153,,143,100,,,0,99,,144,100,,,0
900,'Fête-1-01',631,,1189,500,,,0,123,,1191,500,,,0,200,,1192,500,,,0,200,,1193,500,,,0,200,,1194,500,,,0,200,,1195,500,,,0,200,,1196,500,,,0,200,,1197,500,,,0,200,,1198,500,,,0,198,,1190,500,,,0
900,'Fête-2-01',526,,1200,510,,,0,105,,1211,510,,,0,74,,1208,510,,,0,39,,1212,510,,,0,95,,1213,510,,,0,101,,1201,510,,,0,100,,1202,510,,,0,100,,1214,510,,,0,110,,1203,510,,,0,105,,1215,510,,,0,96,,1204,510,,,0,100,,1199,510,,,0,156,,1210,510,,,0,43,,1209,510,,,0,101,,1216,510,,,0,100,,1205,510,,,0,98,,1206,510,,,0,99,,1217,510,,,0,100,,1218,510,,,0,100,,1207,510,,,0
900,'Semaine-01',526,,292,510,,,0,105,,303,510,,,0,74,,300,510,,,0,39,,304,510,,,0,95,,305,510,,,0,101,,293,510,,,0,100,,294,510,,,0,100,,306,510,,,0,110,,295,510,,,0,105,,307,510,,,0,96,,296,510,,,0,100,,291,510,,,0,156,,302,510,,,0,43,,301,510,,,0,101,,308,510,,,0,100,,297,510,,,0,98,,298,510,,,0,99,,309,510,,,0,100,,310,510,,,0,100,,299,510,,,0
900,'Week-end-01',631,,311,500,,,0,123,,313,500,,,0,200,,314,500,,,0,200,,315,500,,,0,200,,316,500,,,0,200,,317,500,,,0,200,,318,500,,,0,200,,319,500,,,0,200,,320,500,,,0,198,,312,500,,,0
1101,'Fête-1-01',836,,1280,500,,,0,198,,1281,500,,,0,200,,1282,500,,,0,200,,1283,500,,,0,200,,1284,500,,,0,200,,1285,500,,,0,200,,1286,500,,,0,200,,1287,500,,,0
1101,'Fête-2-01',528,,1306,360,,,0,72,,1307,360,,,0,45,,1288,360,,,0,65,,1305,360,,,0,47,,1289,500,,,0,173,,1297,500,,,0,100,,1298,500,,,0,99,,1299,500,,,0,100,,1300,500,,,0,100,,1301,500,,,0,100,,1302,500,,,0,102,,1303,500,,,0,100,,1304,500,,,0,111,,1290,500,,,0,104,,1291,500,,,0,83,,1292,500,,,0,98,,1293,500,,,0,101,,1294,500,,,0,100,,1295,500,,,0,100,,1296,500,,,0
1101,'Semaine-01',528,,485,360,,,0,72,,487,360,,,0,45,,467,360,,,0,65,,484,360,,,0,47,,468,500,,,0,173,,476,500,,,0,100,,477,500,,,0,99,,478,500,,,0,100,,479,500,,,0,100,,480,500,,,0,100,,481,500,,,0,102,,482,500,,,0,100,,483,500,,,0,81,,1308,500,,,0,30,,469,500,,,0,104,,470,500,,,0,83,,471,500,,,0,98,,472,500,,,0,101,,473,500,,,0,100,,474,500,,,0,100,,475,500,,,0
1101,'Week-end-01',836,,488,500,,,0,198,,489,500,,,0,200,,490,500,,,0,200,,491,500,,,0,200,,492,500,,,0,200,,493,500,,,0,200,,494,500,,,0,200,,495,500,,,0
1400,'Fête-1-01',716,,1309,240,,,0,207,,1310,240,,,0,200,,1311,240,,,0,200,,1312,240,,,0,200,,1313,240,,,0,200,,1314,240,,,0,200,,1315,240,,,0,200,,1316,240,,,0,198,,1317,240,,,0
1400,'Fête-2-01',638,,1335,240,,,0,73,,1319,240,,,0,92,,1326,240,,,0,105,,1327,240,,,0,103,,1328,240,,,0,111,,1329,240,,,0,100,,1330,240,,,0,100,,1331,240,,,0,100,,1332,240,,,0,100,,1333,240,,,0,100,,1320,240,,,0,110,,1321,240,,,0,89,,1322,240,,,0,102,,1323,240,,,0,194,,1324,240,,,0,198,,1325,240,,,0,195,,1334,240,,,0
1400,'Semaine-01',638,,539,240,,,0,73,,523,240,,,0,92,,530,240,,,0,105,,531,240,,,0,103,,532,240,,,0,111,,533,240,,,0,100,,534,240,,,0,100,,535,240,,,0,100,,536,240,,,0,100,,537,240,,,0,100,,524,240,,,0,110,,525,240,,,0,89,,526,240,,,0,102,,527,240,,,0,194,,528,240,,,0,198,,529,240,,,0,195,,538,240,,,0
1400,'Week-end-01',716,,540,240,,,0,207,,541,240,,,0,200,,542,240,,,0,200,,543,240,,,0,200,,544,240,,,0,200,,545,240,,,0,200,,546,240,,,0,200,,547,240,,,0,198,,548,240,,,0
1401,'Fête-1-01',628,,1336,410,,,0,207,,1337,410,,,0,200,,1338,410,,,0,198,,1339,410,,,0,200,,1340,410,,,0,197,,1341,410,,,0,200,,1342,410,,,0,205,,1343,410,,,0,200,,1344,410,,,0
1401,'Fête-2-01',626,,1345,410,,,0,88,,1352,410,,,0,105,,1353,410,,,0,105,,1354,410,,,0,100,,1355,410,,,0,100,,1356,410,,,0,99,,1357,410,,,0,100,,1358,410,,,0,100,,1359,410,,,0,101,,1346,410,,,0,100,,1347,410,,,0,103,,1348,410,,,0,102,,1349,410,,,0,195,,1350,410,,,0,203,,1351,410,,,0
1401,'Semaine-01',626,,577,410,,,0,88,,584,410,,,0,38,,1361,410,,,0,67,,585,410,,,0,105,,586,410,,,0,100,,587,410,,,0,100,,588,410,,,0,99,,589,410,,,0,100,,590,410,,,0,100,,591,410,,,0,101,,578,410,,,0,100,,579,410,,,0,103,,580,410,,,0,102,,581,410,,,0,195,,582,410,,,0,203,,583,410,,,0
1401,'Week-end-01',628,,592,410,,,0,207,,593,410,,,0,200,,594,410,,,0,198,,595,410,,,0,200,,596,410,,,0,197,,597,410,,,0,200,,598,410,,,0,205,,599,410,,,0,200,,600,410,,,0
