100,'Fête-1-01',910,,1059,10,,,0,200,,1060,10,,,0,200,,1061,10,,,0,200,,1062,10,,,0,200,,1063,10,,,0,200,,1064,10,,,0,200,,1065,10,,,0,198,,1066,10,,,0
100,'Fête-2-01',658,,1075,10,,,0,100,,1076,10,,,0,97,,1067,10,,,0,100,,1068,10,,,0,100,,1069,10,,,0,161,,1070,10,,,0,100,,1071,10,,,0,100,,1072,10,,,0,93,,1077,10,,,0,100,,1073,10,,,0,95,,1074,10,,,0,106,,1078,10,,,0,101,,1079,10,,,0,195,,1080,10,,,0,199,,1081,10,,,0
100,'Semaine-01',658,,37,10,,,0,100,,38,10,,,0,60,,1084,10,,,0,37,,29,10,,,0,100,,30,10,,,0,100,,31,10,,,0,161,,32,10,,,0,100,,33,10,,,0,100,,34,10,,,0,93,,40,10,,,0,100,,35,10,,,0,95,,36,10,,,0,106,,41,10,,,0,101,,42,10,,,0,195,,43,10,,,0,199,,44,10,,,0
100,'Week-end-01',910,,45,10,,,0,200,,46,10,,,0,200,,47,10,,,0,200,,48,10,,,0,200,,49,10,,,0,200,,50,10,,,0,200,,51,10,,,0,198,,52,10,,,0
101,'Fête-1-01',857,,1085,610,4,,0,200,,1086,610,4,,0,197,,1087,610,4,,0,200,,1088,610,4,,0,200,,1089,610,4,,0,200,,1090,610,4,,0,202,,1091,610,4,,0,200,,1092,610,4,,0
101,'Fête-2-01',652,,1106,630,4,,0,92,,1107,630,4,,0,102,,1102,670,4,,0,102,,1094,670,4,,0,100,,1095,670,4,,0,100,,1096,670,4,,0,105,,1097,670,4,,0,104,,1098,670,4,,0,100,,1099,670,4,,0,101,,1093,670,4,,0,93,,1103,630,4,,0,107,,1104,630,4,,0,100,,1105,630,4,,0,194,,1100,630,4,,0,196,,1101,630,4,,0
101,'Semaine-01',652,,93,630,4,,0,92,,94,630,4,,0,102,,88,670,4,,0,102,,80,670,4,,0,100,,81,670,4,,0,100,,82,670,4,,0,105,,83,670,4,,0,104,,84,670,4,,0,100,,85,670,4,,0,101,,79,670,4,,0,93,,89,630,4,,0,84,,1109,630,4,,0,23,,91,630,4,,0,100,,92,630,4,,0,194,,86,630,4,,0,196,,87,630,4,,0
101,'Week-end-01',857,,95,610,4,,0,200,,96,610,4,,0,197,,97,610,4,,0,200,,98,610,4,,0,200,,99,610,4,,0,200,,100,610,4,,0,202,,101,610,4,,0,200,,102,610,4,,0
800,'Fête-1-01',910,,1141,10,,,0,200,,1142,10,,,0,200,,1143,10,,,0,200,,1144,10,,,0,200,,1145,10,,,0,200,,1146,10,,,0,200,,1147,10,,,0,198,,1148,10,,,0
800,'Fête-2-01',635,,1149,10,,,0,105,,1150,10,,,0,116,,1159,10,,,0,99,,1160,10,,,0,100,,1151,10,,,0,145,,1152,10,,,0,100,,1161,10,,,0,105,,1162,10,,,0,104,,1163,10,,,0,100,,1153,10,,,0,97,,1154,10,,,0,112,,1155,10,,,0,92,,1156,10,,,0,196,,1157,10,,,0,198,,1158,10,,,0
800,'Semaine-01',635,,191,10,,,0,105,,192,10,,,0,80,,1165,10,,,0,36,,201,10,,,0,99,,202,10,,,0,100,,193,10,,,0,145,,194,10,,,0,100,,203,10,,,0,105,,204,10,,,0,104,,205,10,,,0,100,,195,10,,,0,97,,196,10,,,0,112,,197,10,,,0,92,,198,10,,,0,196,,199,10,,,0,198,,200,10,,,0
800,'Week-end-01',910,,207,10,,,0,200,,208,10,,,0,200,,209,10,,,0,200,,210,10,,,0,200,,211,10,,,0,200,,212,10,,,0,200,,213,10,,,0,198,,214,10,,,0
801,'Fête-1-01',857,,1166,570,4,,0,200,,1167,570,4,,0,196,,1168,570,4,,0,200,,1169,570,4,,0,200,,1170,570,4,,0,200,,1171,570,4,,0,202,,1172,570,4,,0,200,,1173,570,4,,0
801,'Fête-2-01',647,,1187,450,4,,0,189,,1180,570,4,,0,112,,1181,570,4,,0,100,,1182,570,4,,0,103,,1183,570,4,,0,103,,1184,570,4,,0,104,,1185,570,4,,0,101,,1186,570,4,,0,97,,1174,570,4,,0,144,,1175,570,4,,0,57,,1176,570,4,,0,101,,1177,570,4,,0,193,,1178,570,4,,0,200,,1179,570,4,,0
801,'Semaine-01',647,,252,450,4,,0,189,,245,570,4,,0,112,,246,570,4,,0,100,,247,570,4,,0,103,,248,570,4,,0,103,,249,570,4,,0,104,,250,570,4,,0,101,,251,570,4,,0,97,,238,570,4,,0,144,,239,570,4,,0,29,,1188,580,4,,0,28,,241,570,4,,0,101,,242,570,4,,0,193,,243,570,4,,0,200,,244,570,4,,0
801,'Week-end-01',857,,253,570,4,,0,200,,254,570,4,,0,196,,255,570,4,,0,200,,256,570,4,,0,200,,257,570,4,,0,200,,258,570,4,,0,202,,259,570,4,,0,200,,260,570,4,,0
900,'Fête-1-01',547,,1189,10,,,0,163,,1191,10,,,0,200,,1192,10,,,0,200,,1193,10,,,0,200,,1194,10,,,0,200,,1195,10,,,0,200,,1196,10,,,0,200,,1197,10,,,0,200,,1198,10,,,0,198,,1190,10,,,0
900,'Fête-2-01',445,,1200,10,,,0,105,,1211,10,,,0,74,,1208,10,,,0,76,,1212,10,,,0,55,,1213,10,,,0,101,,1201,10,,,0,100,,1202,10,,,0,99,,1214,10,,,0,150,,1203,10,,,0,104,,1215,10,,,0,96,,1204,10,,,0,100,,1199,10,,,0,114,,1210,10,,,0,85,,1209,10,,,0,104,,1216,10,,,0,100,,1205,10,,,0,98,,1206,10,,,0,100,,1217,10,,,0,100,,1218,10,,,0,100,,1207,10,,,0
900,'Semaine-01',445,,292,10,,,0,105,,303,10,,,0,74,,300,10,,,0,76,,304,10,,,0,55,,305,10,,,0,101,,293,10,,,0,100,,294,10,,,0,99,,306,10,,,0,150,,295,10,,,0,104,,307,10,,,0,96,,296,10,,,0,100,,291,10,,,0,114,,302,10,,,0,85,,301,10,,,0,104,,308,10,,,0,100,,297,10,,,0,98,,298,10,,,0,100,,309,10,,,0,100,,310,10,,,0,100,,299,10,,,0
900,'Week-end-01',547,,311,10,,,0,163,,313,10,,,0,200,,314,10,,,0,200,,315,10,,,0,200,,316,10,,,0,200,,317,10,,,0,200,,318,10,,,0,200,,319,10,,,0,200,,320,10,,,0,198,,312,10,,,0
901,'Fête-1-01',858,,1219,550,4,,0,200,,1220,550,4,,0,198,,1221,550,4,,0,200,,1222,550,4,,0,199,,1223,550,4,,0,200,,1224,550,4,,0,201,,1225,550,4,,0,199,,1226,550,4,,0,198,,1227,550,4,,0
901,'Fête-2-01',619,,1229,560,4,,0,34,,1228,560,4,,0,104,,1230,560,4,,0,93,,1241,560,4,,0,99,,1232,560,4,,0,100,,1233,560,4,,0,100,,1242,560,4,,0,100,,1234,560,4,,0,108,,1243,560,4,,0,100,,1235,560,4,,0,100,,1236,560,4,,0,101,,1231,560,4,,0,148,,1244,560,4,,0,21,,1245,560,4,,0,28,,1246,560,4,,0,96,,1237,560,4,,0,100,,1238,560,4,,0,100,,1247,560,4,,0,97,,1248,560,4,,0,100,,1239,560,4,,0,99,,1240,560,4,,0
901,'Semaine-01',619,,352,560,4,,0,34,,351,560,4,,0,104,,353,560,4,,0,93,,364,560,4,,0,99,,355,560,4,,0,100,,356,560,4,,0,100,,365,560,4,,0,100,,357,560,4,,0,108,,366,560,4,,0,100,,358,560,4,,0,100,,359,560,4,,0,101,,354,560,4,,0,148,,367,560,4,,0,21,,368,560,4,,0,28,,369,560,4,,0,96,,360,560,4,,0,100,,361,560,4,,0,100,,370,560,4,,0,97,,371,560,4,,0,100,,362,560,4,,0,99,,363,560,4,,0
901,'Week-end-01',858,,372,550,4,,0,200,,373,550,4,,0,198,,374,550,4,,0,200,,375,550,4,,0,199,,376,550,4,,0,200,,377,550,4,,0,201,,378,550,4,,0,199,,379,550,4,,0,198,,380,550,4,,0
1400,'Fête-1-01',703,,1309,10,,,0,207,,1310,10,,,0,200,,1311,10,,,0,200,,1312,10,,,0,200,,1313,10,,,0,200,,1314,10,,,0,200,,1315,10,,,0,200,,1316,10,,,0,198,,1317,10,,,0,200,,1318,10,,,0
1400,'Fête-2-01',625,,1335,10,,,0,33,,1319,10,,,0,92,,1326,10,,,0,105,,1327,10,,,0,103,,1328,10,,,0,151,,1329,10,,,0,100,,1330,10,,,0,100,,1331,10,,,0,100,,1332,10,,,0,100,,1333,10,,,0,100,,1320,10,,,0,110,,1321,10,,,0,90,,1322,10,,,0,102,,1323,10,,,0,195,,1324,10,,,0,198,,1325,10,,,0,155,,1334,10,,,0
1400,'Semaine-01',625,,539,10,,,0,33,,523,10,,,0,92,,530,10,,,0,105,,531,10,,,0,103,,532,10,,,0,151,,533,10,,,0,100,,534,10,,,0,100,,535,10,,,0,100,,536,10,,,0,100,,537,10,,,0,100,,524,10,,,0,110,,525,10,,,0,90,,526,10,,,0,102,,527,10,,,0,195,,528,10,,,0,198,,529,10,,,0,155,,538,10,,,0
1400,'Week-end-01',703,,540,10,,,0,207,,541,10,,,0,200,,542,10,,,0,200,,543,10,,,0,200,,544,10,,,0,200,,545,10,,,0,200,,546,10,,,0,200,,547,10,,,0,198,,548,10,,,0,200,,549,10,,,0
1401,'Fête-1-01',650,,1336,730,4,,0,207,,1337,730,4,,0,200,,1338,730,4,,0,198,,1339,730,4,,0,200,,1340,730,4,,0,200,,1341,730,4,,0,200,,1342,730,4,,0,202,,1343,730,4,,0,200,,1344,730,4,,0
1401,'Fête-2-01',651,,1345,730,4,,0,90,,1352,730,4,,0,105,,1353,730,4,,0,105,,1354,730,4,,0,100,,1355,730,4,,0,100,,1356,730,4,,0,99,,1357,730,4,,0,100,,1358,730,4,,0,100,,1359,730,4,,0,104,,1346,730,4,,0,102,,1347,730,4,,0,103,,1348,730,4,,0,97,,1349,730,4,,0,195,,1350,730,4,,0,203,,1351,730,4,,0
1401,'Semaine-01',651,,577,730,4,,0,90,,584,730,4,,0,105,,585,730,4,,0,105,,586,730,4,,0,100,,587,730,4,,0,100,,588,730,4,,0,99,,589,730,4,,0,100,,590,730,4,,0,100,,591,730,4,,0,104,,578,730,4,,0,102,,579,730,4,,0,56,,1360,640,4,,0,47,,580,730,4,,0,97,,581,730,4,,0,195,,582,730,4,,0,203,,583,730,4,,0
1401,'Week-end-01',650,,592,730,4,,0,207,,593,730,4,,0,200,,594,730,4,,0,198,,595,730,4,,0,200,,596,730,4,,0,200,,597,730,4,,0,200,,598,730,4,,0,202,,599,730,4,,0,200,,600,730,4,,0
1500,'Fête-1-01',905,,1362,10,,,1,100,,1363,10,,,1,100,,1364,10,,,1,100,,1365,10,,,1,100,,1366,10,,,1,100,,1367,10,,,1,100,,1368,10,,,1,100,,1369,10,,,1,100,,1370,10,,,1,100,,1371,10,,,1,100,,1372,10,,,1,200,,1373,10,,,1,200,,1374,10,,,1
1500,'Fête-2-01',705,,1375,10,,,1,51,,1382,10,,,1,99,,1383,10,,,1,100,,1384,10,,,1,100,,1385,10,,,1,148,,1386,10,,,1,55,,1387,10,,,1,100,,1388,10,,,1,100,,1389,10,,,1,147,,1376,10,,,1,105,,1377,10,,,1,98,,1378,10,,,1,102,,1379,10,,,1,194,,1380,10,,,1,202,,1381,10,,,1
1500,'Semaine-01',705,,629,10,,,1,51,,636,10,,,1,99,,637,10,,,1,100,,638,10,,,1,100,,639,10,,,1,148,,640,10,,,1,55,,641,10,,,1,100,,642,10,,,1,100,,643,10,,,1,147,,630,10,,,1,105,,631,10,,,1,98,,632,10,,,1,102,,633,10,,,1,194,,634,10,,,1,202,,635,10,,,1
1500,'Week-end-01',905,,644,10,,,1,100,,645,10,,,1,100,,646,10,,,1,100,,647,10,,,1,100,,648,10,,,1,100,,649,10,,,1,100,,650,10,,,1,100,,651,10,,,1,100,,652,10,,,1,100,,653,10,,,1,100,,654,10,,,1,200,,655,10,,,1,200,,656,10,,,1
1501,'Fête-1-01',857,,1390,430,4,,1,100,,1391,430,4,,1,100,,1392,430,4,,1,100,,1393,430,4,,1,100,,1394,430,4,,1,100,,1395,430,4,,1,98,,1396,430,4,,1,100,,1397,430,4,,1,100,,1398,430,4,,1,100,,1399,430,4,,1,100,,1400,430,4,,1,202,,1401,430,4,,1,200,,1402,430,4,,1
1501,'Fête-2-01',655,,1403,430,4,,1,96,,1410,430,4,,1,98,,1411,430,4,,1,98,,1412,430,4,,1,100,,1413,430,4,,1,105,,1414,430,4,,1,101,,1415,430,4,,1,100,,1416,430,4,,1,100,,1417,430,4,,1,99,,1404,430,4,,1,101,,1405,430,4,,1,104,,1406,430,4,,1,91,,1407,430,4,,1,205,,1408,430,4,,1,198,,1409,430,4,,1
1501,'Semaine-01',655,,685,430,4,,1,96,,692,430,4,,1,98,,693,430,4,,1,98,,694,430,4,,1,100,,695,430,4,,1,105,,696,430,4,,1,101,,697,430,4,,1,100,,698,430,4,,1,100,,699,430,4,,1,99,,686,430,4,,1,101,,687,430,4,,1,104,,688,430,4,,1,91,,689,430,4,,1,205,,690,430,4,,1,198,,691,430,4,,1
1501,'Week-end-01',857,,700,430,4,,1,100,,701,430,4,,1,100,,702,430,4,,1,100,,703,430,4,,1,100,,704,430,4,,1,100,,705,430,4,,1,98,,706,430,4,,1,100,,707,430,4,,1,100,,708,430,4,,1,100,,709,430,4,,1,100,,710,430,4,,1,202,,711,430,4,,1,200,,712,430,4,,1
